trade_id,symbol,direction,market_type,pullback_mode,formation_time,U,L,frozen_atr,breakout_time,breakout_price,confirm_time,confirm_price,low_distance_to_u,high_distance_to_l,entry_time,entry_price,units,nominal_size_usdt,initial_sl,final_sl,sl_updates,exit_time,exit_price,exit_reason,bars_held,gross_pnl_usdt,entry_fee_usdt,exit_fee_usdt,slippage_cost_usdt,net_pnl_usdt,net_r_multiple
1,BNBUSDT,SHORT,futures,STRICT_SUPPORT,2024-01-03 13:00:00+00:00,318.068,316.2591,8.7066,2024-01-03 13:00:00+00:00,312.59,2024-01-03 13:15:00+00:00,313.36,0.0,0.61908,2024-01-03 13:30:00+00:00,313.2247,7.59345,2378.46,319.8093,314.4813,5,2024-01-03 15:45:00+00:00,314.9875,TRAILING_STOP,9,-13.39,1.1892,1.1959,3.8216,-15.77,-0.315
2,ETHUSDT,SHORT,futures,STRICT_SUPPORT,2024-01-06 20:45:00+00:00,2243.7224,2242.7069,6.0872,2024-01-06 20:45:00+00:00,2241.49,2024-01-06 21:00:00+00:00,2238.51,0.0,0.486947,2024-01-06 21:15:00+00:00,2237.6146,6.814984,15249.31,2244.9398,2240.4866,4,2024-01-07 00:00:00+00:00,2243.1752,TRAILING_STOP,11,-37.9,7.6247,7.6436,24.4444,-53.16,-1.065
3,BNBUSDT,SHORT,futures,STRICT_SUPPORT,2024-01-07 09:30:00+00:00,307.4059,307.0894,1.2001,2024-01-07 09:30:00+00:00,306.11,2024-01-07 10:15:00+00:00,307.0,0.0,0.089388,2024-01-07 10:30:00+00:00,306.8772,64.601801,19824.82,307.646,306.8036,9,2024-01-07 13:15:00+00:00,307.1718,TRAILING_STOP,11,-19.03,9.9124,9.9219,31.7425,-38.87,-0.783
4,SOLUSDT,SHORT,futures,STRICT_SUPPORT,2024-01-07 17:00:00+00:00,94.8563,94.6389,0.9516,2024-01-07 17:00:00+00:00,94.562,2024-01-07 17:15:00+00:00,94.099,0.0,0.056903,2024-01-07 17:30:00+00:00,94.0624,50.259817,4727.56,95.0466,95.0466,0,2024-01-07 20:00:00+00:00,95.1607,STOP_LOSS,10,-55.2,2.3638,2.3914,7.6303,-59.96,-1.212
5,BNBUSDT,SHORT,futures,STRICT_SUPPORT,2024-01-09 14:15:00+00:00,303.214,302.7471,1.9632,2024-01-09 14:15:00+00:00,302.5,2024-01-09 14:30:00+00:00,300.69,0.0,0.107052,2024-01-09 14:45:00+00:00,300.5597,16.137193,4850.19,303.6067,299.4108,2,2024-01-09 21:00:00+00:00,299.7701,TRAILING_STOP,25,12.74,2.4251,2.4187,7.745,7.9,0.161
6,SOLUSDT,SHORT,futures,STRICT_SUPPORT,2024-01-09 22:00:00+00:00,99.6408,99.0691,3.2564,2024-01-09 22:00:00+00:00,96.812,2024-01-09 22:15:00+00:00,98.891,0.0,0.099075,2024-01-09 22:30:00+00:00,98.8514,34.157994,3376.57,100.2921,100.0118,3,2024-01-10 02:15:00+00:00,100.1319,TRAILING_STOP,15,-43.74,1.6883,1.7102,5.455,-47.13,-0.958
7,BTCUSDT,SHORT,futures,STRICT_SUPPORT,2024-01-11 06:45:00+00:00,46213.1608,46128.5256,218.1441,2024-01-11 06:45:00+00:00,45899.8,2024-01-11 07:00:00+00:00,46100.9,0.0,4.225557,2024-01-11 07:15:00+00:00,46082.4596,0.280929,12945.91,46256.7896,46256.7896,0,2024-01-11 08:15:00+00:00,46312.2978,STOP_LOSS,4,-64.57,6.473,6.5052,20.7909,-77.55,-1.583
8,BTCUSDT,SHORT,futures,STRICT_SUPPORT,2024-01-11 21:30:00+00:00,46618.4077,46522.2371,302.0891,2024-01-11 21:30:00+00:00,46229.6,2024-01-11 23:15:00+00:00,46321.5,0.0,28.237148,2024-01-11 23:30:00+00:00,46302.9714,0.129287,5986.38,46678.8255,46162.4984,13,2024-01-12 05:45:00+00:00,46217.8934,TRAILING_STOP,25,11.0,2.9932,2.9877,9.565,5.02,0.103
9,BTCUSDT,SHORT,futures,STRICT_SUPPORT,2024-01-15 15:00:00+00:00,42639.4542,42575.8004,197.9942,2024-01-15 15:00:00+00:00,42395.2,2024-01-15 16:45:00+00:00,42525.0,0.0,15.200357,2024-01-15 17:00:00+00:00,42507.99,0.28423,12082.04,42679.0531,42679.0531,0,2024-01-15 17:15:00+00:00,42744.2316,STOP_LOSS,1,-67.15,6.041,6.0746,19.4118,-79.26,-1.63
10,BTCUSDT,SHORT,futures,STRICT_SUPPORT,2024-01-16 01:30:00+00:00,42681.9615,42658.313,124.3124,2024-01-16 01:30:00+00:00,42568.0,2024-01-16 01:45:00+00:00,42591.7,0.0,8.312993,2024-01-16 02:00:00+00:00,42574.6633,0.364896,15535.33,42706.8239,42706.8239,0,2024-01-16 02:15:00+00:00,42758.0721,STOP_LOSS,1,-66.93,7.7677,7.8011,24.9368,-82.49,-1.711
11,BNBUSDT,SHORT,futures,STRICT_SUPPORT,2024-01-18 18:30:00+00:00,311.8942,311.4047,1.588,2024-01-18 18:30:00+00:00,310.8,2024-01-18 19:00:00+00:00,310.49,0.0,0.154664,2024-01-18 19:15:00+00:00,310.3658,25.900876,8038.75,312.2118,310.8729,1,2024-01-18 20:45:00+00:00,311.2459,TRAILING_STOP,6,-22.8,4.0194,4.0308,12.8893,-30.85,-0.645
12,BNBUSDT,SHORT,futures,STRICT_SUPPORT,2024-01-19 16:30:00+00:00,312.0352,311.6538,2.0535,2024-01-19 16:30:00+00:00,305.35,2024-01-19 17:45:00+00:00,311.47,0.0,0.123755,2024-01-19 18:00:00+00:00,311.3354,42.91661,13361.46,312.4459,312.4459,0,2024-01-19 19:30:00+00:00,312.8208,STOP_LOSS,6,-63.75,6.6807,6.7126,21.4548,-77.14,-1.619
13,ETHUSDT,SHORT,futures,STRICT_SUPPORT,2024-01-20 05:00:00+00:00,2483.2999,2482.3496,5.1249,2024-01-20 05:00:00+00:00,2478.73,2024-01-20 05:30:00+00:00,2476.73,0.0,0.269605,2024-01-20 05:45:00+00:00,2475.7393,5.506057,13631.56,2484.3249,2484.3249,0,2024-01-20 07:00:00+00:00,2487.306,STOP_LOSS,5,-63.69,6.8158,6.8476,21.8869,-77.35,-1.636
14,BTCUSDT,SHORT,futures,STRICT_SUPPORT,2024-01-20 10:45:00+00:00,41580.9818,41550.804,75.7494,2024-01-20 10:45:00+00:00,41542.5,2024-01-20 11:00:00+00:00,41529.3,0.0,5.404031,2024-01-20 11:15:00+00:00,41512.6883,0.451773,18754.3,41596.1317,41596.1317,0,2024-01-20 11:45:00+00:00,41646.0471,STOP_LOSS,2,-60.25,9.3771,9.4073,30.0792,-79.03,-2.096
15,BTCUSDT,SHORT,futures,STRICT_SUPPORT,2024-01-25 13:30:00+00:00,40004.678,39969.5349,121.5254,2024-01-25 13:30:00+00:00,39831.5,2024-01-25 14:00:00+00:00,39946.9,0.0,9.534854,2024-01-25 14:15:00+00:00,39931.0212,0.465709,18596.23,40028.9831,40028.9831,0,2024-01-25 14:30:00+00:00,40077.0179,STOP_LOSS,1,-67.99,9.2981,9.3321,29.8356,-86.62,-1.899
16,BTCUSDT,SHORT,futures,STRICT_SUPPORT,2024-01-25 15:00:00+00:00,39993.4015,39967.4774,138.52,2024-01-25 15:00:00+00:00,39947.6,2024-01-25 15:15:00+00:00,39857.1,0.0,3.87742,2024-01-25 15:30:00+00:00,39841.1572,0.255948,10197.28,40021.1055,39837.932,8,2024-01-25 17:45:00+00:00,39885.7375,TRAILING_STOP,9,-11.41,5.0986,5.1043,16.3293,-21.61,-0.469
17,SOLUSDT,SHORT,futures,STRICT_SUPPORT,2024-01-26 01:15:00+00:00,87.0498,86.8507,0.6801,2024-01-26 01:15:00+00:00,86.392,2024-01-26 01:30:00+00:00,86.311,0.0,0.050721,2024-01-26 01:45:00+00:00,86.2725,50.311425,4340.49,87.1859,87.1859,0,2024-01-26 02:00:00+00:00,87.2905,STOP_LOSS,1,-51.22,2.1702,2.1959,7.0062,-55.58,-1.21
18,ETHUSDT,SHORT,futures,STRICT_SUPPORT,2024-02-04 22:15:00+00:00,2298.4702,2294.4236,9.3478,2024-02-04 22:15:00+00:00,2287.4,2024-02-05 00:15:00+00:00,2290.55,0.0,0.623643,2024-02-05 00:30:00+00:00,2289.6338,4.26644,9768.58,2300.3398,2280.9884,7,2024-02-05 02:30:00+00:00,2283.7256,TRAILING_STOP,8,25.21,4.8843,4.8717,15.5995,15.45,0.338
19,ETHUSDT,SHORT,futures,STRICT_SUPPORT,2024-02-05 18:15:00+00:00,2307.9079,2305.1495,7.3917,2024-02-05 18:15:00+00:00,2295.08,2024-02-05 19:00:00+00:00,2304.29,0.0,0.149506,2024-02-05 19:15:00+00:00,2303.3683,7.60289,17512.25,2309.3862,2294.7031,8,2024-02-05 23:15:00+00:00,2297.4567,TRAILING_STOP,16,44.94,8.7561,8.7337,27.9657,27.46,0.6
20,SOLUSDT,SHORT,futures,STRICT_SUPPORT,2024-02-07 06:30:00+00:00,96.1809,96.0186,0.3606,2024-02-07 06:30:00+00:00,95.92,2024-02-07 06:45:00+00:00,95.891,0.0,0.027576,2024-02-07 07:00:00+00:00,95.8526,114.615801,10986.23,96.253,95.5813,7,2024-02-07 09:30:00+00:00,95.696,TRAILING_STOP,10,17.95,5.4931,5.4841,17.5564,6.98,0.152
21,BNBUSDT,SHORT,futures,STRICT_SUPPORT,2024-02-18 13:15:00+00:00,354.2504,354.1266,1.0475,2024-02-18 13:15:00+00:00,352.54,2024-02-18 14:45:00+00:00,353.27,0.0,0.006588,2024-02-18 15:00:00+00:00,353.1187,34.246482,12093.07,354.4599,352.0555,4,2024-02-18 17:00:00+00:00,352.478,TRAILING_STOP,8,21.94,6.0465,6.0356,19.3226,9.86,0.215
22,BNBUSDT,SHORT,futures,STRICT_SUPPORT,2024-02-19 23:45:00+00:00,353.0992,352.9095,0.9607,2024-02-19 23:45:00+00:00,351.83,2024-02-20 00:45:00+00:00,352.38,0.0,0.049475,2024-02-20 01:00:00+00:00,352.2291,43.279224,15244.2,353.2914,353.2914,0,2024-02-20 01:15:00+00:00,354.8153,STOP_LOSS,1,-111.93,7.6221,7.6781,24.525,-127.23,-2.767
23,BTCUSDT,SHORT,futures,STRICT_SUPPORT,2024-02-20 08:00:00+00:00,51937.0894,51885.1309,113.4696,2024-02-20 08:00:00+00:00,51817.8,2024-02-20 08:30:00+00:00,51856.7,0.0,8.130928,2024-02-20 08:45:00+00:00,51836.0573,0.349871,18135.92,51959.7833,51837.0608,2,2024-02-20 10:00:00+00:00,51899.2653,TRAILING_STOP,5,-22.11,9.068,9.079,29.044,-40.26,-0.93
24,ETHUSDT,SHORT,futures,STRICT_SUPPORT,2024-02-22 02:00:00+00:00,2933.9631,2929.6007,15.2145,2024-02-22 02:00:00+00:00,2921.65,2024-02-22 02:15:00+00:00,2926.23,0.0,1.150694,2024-02-22 02:30:00+00:00,2925.0695,3.78154,11061.27,2937.006,2937.006,0,2024-02-22 03:45:00+00:00,2940.5304,STOP_LOSS,5,-58.47,5.5306,5.5599,17.7682,-69.56,-1.541
25,BNBUSDT,SHORT,futures,STRICT_SUPPORT,2024-03-03 07:45:00+00:00,410.2379,409.7989,2.734,2024-03-03 07:45:00+00:00,407.11,2024-03-03 08:45:00+00:00,408.26,0.0,0.178928,2024-03-03 09:00:00+00:00,408.0967,16.663,6800.12,410.7847,410.7847,0,2024-03-03 09:30:00+00:00,411.2777,STOP_LOSS,2,-53.0,3.4001,3.4266,10.9438,-59.83,-1.336
26,BTCUSDT,SHORT,futures,STRICT_SUPPORT,2024-03-03 07:30:00+00:00,61966.5526,61907.7901,207.8812,2024-03-03 07:30:00+00:00,61581.9,2024-03-03 09:00:00+00:00,61889.0,0.0,18.790113,2024-03-03 09:15:00+00:00,61864.1444,0.288746,17863.05,62008.1289,61920.29,6,2024-03-03 12:00:00+00:00,61994.5944,TRAILING_STOP,11,-37.67,8.9315,8.9504,28.6261,-55.55,-1.336
27,SOLUSDT,SHORT,futures,STRICT_SUPPORT,2024-03-04 05:45:00+00:00,130.0117,129.7972,0.7608,2024-03-04 05:45:00+00:00,129.037,2024-03-04 07:45:00+00:00,129.739,0.0,0.009249,2024-03-04 08:00:00+00:00,129.6871,92.740125,12027.2,130.1639,130.1639,0,2024-03-04 08:15:00+00:00,131.3795,STOP_LOSS,1,-156.95,6.0136,6.0921,19.4319,-169.06,-3.824
28,SOLUSDT,SHORT,futures,STRICT_SUPPORT,2024-03-04 17:30:00+00:00,131.2708,130.9112,1.545,2024-03-04 17:30:00+00:00,129.398,2024-03-04 19:00:00+00:00,130.568,0.0,0.011208,2024-03-04 19:15:00+00:00,130.5148,40.722453,5314.88,131.5798,130.4848,4,2024-03-04 21:45:00+00:00,130.6413,TRAILING_STOP,10,-5.15,2.6574,2.66,8.51,-10.47,-0.241
29,SOLUSDT,SHORT,futures,STRICT_SUPPORT,2024-03-05 07:45:00+00:00,131.0162,130.9067,1.2722,2024-03-05 07:45:00+00:00,129.6,2024-03-05 09:15:00+00:00,130.806,0.0,0.01673,2024-03-05 09:30:00+00:00,130.7477,82.828104,10829.58,131.2706,131.2706,0,2024-03-05 10:15:00+00:00,131.4282,STOP_LOSS,3,-56.36,5.4148,5.443,17.395,-67.22,-1.552
30,SOLUSDT,SHORT,futures,STRICT_SUPPORT,2024-03-06 14:15:00+00:00,129.4362,128.9946,1.7507,2024-03-06 14:15:00+00:00,128.005,2024-03-06 15:30:00+00:00,128.194,0.0,0.060573,2024-03-06 15:45:00+00:00,128.1417,26.133231,3348.76,129.7864,129.7864,0,2024-03-06 17:30:00+00:00,129.9421,STOP_LOSS,7,-47.05,1.6744,1.6979,5.4145,-50.42,-1.173
31,SOLUSDT,SHORT,futures,STRICT_SUPPORT,2024-03-09 17:15:00+00:00,146.4736,146.0004,1.0673,2024-03-09 17:15:00+00:00,144.19,2024-03-09 18:30:00+00:00,145.612,0.0,0.061406,2024-03-09 18:45:00+00:00,145.5538,37.706222,5488.28,146.6871,146.6871,0,2024-03-09 22:00:00+00:00,146.8631,STOP_LOSS,13,-49.37,2.7441,2.7688,8.8405,-54.88,-1.284
32,SOLUSDT,SHORT,futures,STRICT_SUPPORT,2024-03-12 21:15:00+00:00,149.2983,148.7336,1.2484,2024-03-12 21:15:00+00:00,147.917,2024-03-12 22:30:00+00:00,148.622,0.0,0.007557,2024-03-12 22:45:00+00:00,148.5616,43.045817,6394.95,149.5479,149.5479,0,2024-03-12 23:15:00+00:00,149.7274,STOP_LOSS,2,-50.18,3.1975,3.2226,10.2921,-56.6,-1.333
33,BNBUSDT,SHORT,futures,STRICT_SUPPORT,2024-03-18 09:00:00+00:00,574.2659,572.0944,5.8029,2024-03-18 09:00:00+00:00,567.13,2024-03-18 09:15:00+00:00,571.29,0.0,0.124434,2024-03-18 09:30:00+00:00,571.0715,9.684745,5530.68,575.4265,571.4941,4,2024-03-18 11:00:00+00:00,572.7565,TRAILING_STOP,6,-16.32,2.7653,2.7735,8.8687,-21.86,-0.518
34,SOLUSDT,SHORT,futures,STRICT_SUPPORT,2024-03-29 16:45:00+00:00,186.676,186.4329,1.5388,2024-03-29 16:45:00+00:00,184.99,2024-03-29 17:15:00+00:00,185.431,0.0,0.150869,2024-03-29 17:30:00+00:00,185.3568,25.857309,4792.83,186.9837,186.9837,0,2024-03-29 19:45:00+00:00,187.2081,STOP_LOSS,9,-47.87,2.3964,2.4203,7.726,-52.69,-1.252
35,BTCUSDT,SHORT,futures,STRICT_SUPPORT,2024-04-03 15:30:00+00:00,66259.3276,66160.1927,385.9098,2024-04-03 15:30:00+00:00,65881.9,2024-04-03 16:00:00+00:00,66126.1,0.0,27.092737,2024-04-03 16:15:00+00:00,66099.6496,0.176494,11666.16,66336.5095,66336.5095,0,2024-04-03 16:30:00+00:00,66468.7669,STOP_LOSS,1,-65.15,5.8331,5.8657,18.744,-76.85,-1.838
36,BTCUSDT,SHORT,futures,STRICT_SUPPORT,2024-04-03 17:15:00+00:00,66251.1925,66169.7077,319.8023,2024-04-03 17:15:00+00:00,66097.4,2024-04-03 18:45:00+00:00,66026.4,0.0,20.007686,2024-04-03 19:00:00+00:00,65999.9894,0.131424,8673.98,66315.153,65946.4586,6,2024-04-03 21:45:00+00:00,66025.5943,TRAILING_STOP,11,-3.37,4.337,4.3387,13.8824,-12.04,-0.291
37,ETHUSDT,SHORT,futures,STRICT_SUPPORT,2024-04-03 19:30:00+00:00,3326.3358,3324.4693,20.2381,2024-04-03 19:30:00+00:00,3320.4,2024-04-03 19:45:00+00:00,3315.8,0.0,0.02928,2024-04-03 20:00:00+00:00,3314.4737,2.611579,8656.01,3330.3834,3320.3675,5,2024-04-03 21:45:00+00:00,3324.3519,TRAILING_STOP,7,-25.8,4.328,4.3409,13.8806,-34.47,-0.83
38,SOLUSDT,SHORT,futures,STRICT_SUPPORT,2024-04-07 20:00:00+00:00,180.0844,179.6685,1.0688,2024-04-07 20:00:00+00:00,179.054,2024-04-07 21:15:00+00:00,178.93,0.0,0.102473,2024-04-07 21:30:00+00:00,178.8584,28.607025,5116.61,180.2982,178.6141,3,2024-04-07 22:45:00+00:00,178.8284,TRAILING_STOP,5,0.86,2.5583,2.5579,8.1855,-4.26,-0.103
39,ETHUSDT,SHORT,futures,STRICT_SUPPORT,2024-04-12 09:00:00+00:00,3529.988,3528.4234,11.2013,2024-04-12 09:00:00+00:00,3527.7,2024-04-12 09:15:00+00:00,3522.0,0.0,0.833365,2024-04-12 09:30:00+00:00,3520.6012,3.54055,12464.86,3532.2283,3532.2283,0,2024-04-12 10:45:00+00:00,3536.4669,STOP_LOSS,5,-56.17,6.2324,6.2605,20.0112,-68.67,-1.668
40,BTCUSDT,SHORT,futures,STRICT_SUPPORT,2024-04-26 05:00:00+00:00,64392.121,64331.3966,193.1396,2024-04-26 05:00:00+00:00,64142.1,2024-04-26 05:30:00+00:00,64314.0,0.0,3.19657,2024-04-26 05:45:00+00:00,64288.1744,0.253999,16329.15,64430.7489,64430.7489,0,2024-04-26 06:00:00+00:00,64604.5325,STOP_LOSS,1,-80.35,8.1646,8.2048,26.2231,-96.72,-2.671
41,BTCUSDT,SHORT,futures,STRICT_SUPPORT,2024-04-26 07:30:00+00:00,64383.8776,64340.7272,203.0129,2024-04-26 07:30:00+00:00,64295.8,2024-04-26 07:45:00+00:00,64236.6,0.0,16.927231,2024-04-26 08:00:00+00:00,64211.0053,0.188965,12133.62,64424.4802,64424.4802,0,2024-04-26 08:15:00+00:00,64501.7896,STOP_LOSS,1,-54.95,6.0668,6.0943,19.4797,-67.11,-1.664
42,ETHUSDT,SHORT,futures,STRICT_SUPPORT,2024-04-26 10:15:00+00:00,3147.8813,3143.0024,9.9588,2024-04-26 10:15:00+00:00,3137.25,2024-04-26 10:30:00+00:00,3134.1,0.0,0.53241,2024-04-26 10:45:00+00:00,3132.8464,2.349467,7360.52,3149.8731,3137.4553,2,2024-04-26 13:45:00+00:00,3141.2203,TRAILING_STOP,12,-19.67,3.6803,3.6901,11.8004,-27.04,-0.676
43,ETHUSDT,SHORT,futures,STRICT_SUPPORT,2024-04-26 22:15:00+00:00,3140.2405,3138.0966,10.6704,2024-04-26 22:15:00+00:00,3128.22,2024-04-27 00:00:00+00:00,3136.65,0.0,0.496628,2024-04-27 00:15:00+00:00,3135.3853,5.086262,15947.39,3142.3746,3110.8866,1,2024-04-27 01:00:00+00:00,3114.6197,TRAILING_STOP,3,105.62,7.9737,7.9209,25.3891,89.73,2.524
44,BTCUSDT,SHORT,futures,STRICT_SUPPORT,2024-04-28 15:00:00+00:00,63633.3406,63570.4979,158.2203,2024-04-28 15:00:00+00:00,63543.0,2024-04-28 15:15:00+00:00,63502.0,0.0,8.49792,2024-04-28 15:30:00+00:00,63476.5992,0.214014,13584.87,63664.9847,63664.9847,0,2024-04-28 16:15:00+00:00,63741.3827,STOP_LOSS,3,-56.67,6.7924,6.8208,21.8038,-70.28,-1.743
45,BNBUSDT,SHORT,futures,STRICT_SUPPORT,2024-05-06 13:00:00+00:00,592.3432,591.2847,3.368,2024-05-06 13:00:00+00:00,588.11,2024-05-06 13:30:00+00:00,590.55,0.0,0.254707,2024-05-06 13:45:00+00:00,590.2838,14.623823,8632.21,593.0168,588.4856,3,2024-05-06 15:30:00+00:00,589.1918,TRAILING_STOP,7,15.97,4.3161,4.3081,13.7924,7.35,0.184
46,BNBUSDT,SHORT,futures,STRICT_SUPPORT,2024-05-06 23:45:00+00:00,590.0834,589.6285,1.5465,2024-05-06 23:45:00+00:00,587.81,2024-05-07 00:00:00+00:00,588.04,0.0,0.028506,2024-05-07 00:15:00+00:00,587.8048,15.458398,9086.52,590.3927,590.3927,0,2024-05-07 00:45:00+00:00,591.1011,STOP_LOSS,2,-50.96,4.5433,4.5687,14.5996,-60.07,-1.502
47,BNBUSDT,SHORT,futures,STRICT_SUPPORT,2024-05-07 03:30:00+00:00,590.0355,589.6383,2.9241,2024-05-07 03:30:00+00:00,586.62,2024-05-07 05:30:00+00:00,588.64,0.0,0.168305,2024-05-07 05:45:00+00:00,588.3945,17.838479,10496.06,590.6203,588.7588,6,2024-05-07 08:00:00+00:00,589.4653,TRAILING_STOP,9,-19.1,5.248,5.2576,16.8166,-29.61,-0.746
48,BNBUSDT,SHORT,futures,STRICT_SUPPORT,2024-05-08 15:00:00+00:00,584.4207,583.4429,2.7206,2024-05-08 15:00:00+00:00,583.29,2024-05-08 15:15:00+00:00,580.85,0.0,0.062893,2024-05-08 15:30:00+00:00,580.6077,9.077456,5270.44,584.9648,584.9648,0,2024-05-08 17:00:00+00:00,585.6667,STOP_LOSS,6,-45.92,2.6352,2.6582,8.4878,-51.22,-1.295
49,SOLUSDT,SHORT,futures,STRICT_SUPPORT,2024-05-12 18:45:00+00:00,145.4716,145.1764,0.6064,2024-05-12 18:45:00+00:00,145.064,2024-05-12 19:00:00+00:00,145.027,0.0,0.019411,2024-05-12 19:15:00+00:00,144.968,62.884445,9116.23,145.5929,143.6636,5,2024-05-12 21:30:00+00:00,143.8359,TRAILING_STOP,9,71.19,4.5581,4.5225,14.5005,62.11,1.581
50,SOLUSDT,SHORT,futures,STRICT_SUPPORT,2024-05-14 10:30:00+00:00,146.5607,146.2941,0.9565,2024-05-14 10:30:00+00:00,145.683,2024-05-14 10:45:00+00:00,145.984,0.0,0.001138,2024-05-14 11:00:00+00:00,145.9246,47.869386,6985.32,146.752,146.752,0,2024-05-14 11:45:00+00:00,146.9281,STOP_LOSS,3,-48.04,3.4927,3.5167,11.2342,-55.05,-1.39
51,SOLUSDT,SHORT,futures,STRICT_SUPPORT,2024-05-15 11:15:00+00:00,144.1301,143.8652,0.8608,2024-05-15 11:15:00+00:00,143.789,2024-05-15 11:30:00+00:00,143.476,0.0,0.076208,2024-05-15 11:45:00+00:00,143.4186,44.510395,6383.62,144.3022,144.3022,0,2024-05-15 12:00:00+00:00,144.4754,STOP_LOSS,1,-47.04,3.1918,3.2153,10.2702,-53.45,-1.359
52,ETHUSDT,SHORT,futures,STRICT_SUPPORT,2024-05-20 14:30:00+00:00,3091.671,3089.4311,12.4575,2024-05-20 14:30:00+00:00,3077.7,2024-05-20 14:45:00+00:00,3089.18,0.0,0.121145,2024-05-20 15:00:00+00:00,3087.9543,5.060104,15625.37,3094.1625,3094.1625,0,2024-05-20 15:15:00+00:00,3099.2747,STOP_LOSS,1,-57.28,7.8127,7.8413,25.0693,-72.94,-2.322
53,ETHUSDT,SHORT,futures,STRICT_SUPPORT,2024-05-23 20:30:00+00:00,3791.464,3771.3539,70.8151,2024-05-23 20:30:00+00:00,3728.07,2024-05-23 20:45:00+00:00,3757.01,0.0,3.363913,2024-05-23 21:00:00+00:00,3755.5072,0.772124,2899.72,3805.627,3805.627,0,2024-05-23 21:15:00+00:00,3843.2764,STOP_LOSS,1,-67.77,1.4499,1.4837,4.7209,-70.7,-1.827
54,ETHUSDT,SHORT,futures,STRICT_SUPPORT,2024-05-25 14:00:00+00:00,3744.6872,3742.4513,12.5794,2024-05-25 14:00:00+00:00,3733.99,2024-05-25 14:15:00+00:00,3739.17,0.0,0.961272,2024-05-25 14:30:00+00:00,3737.6743,4.024148,15040.95,3747.2031,3747.2031,0,2024-05-25 14:45:00+00:00,3751.6998,STOP_LOSS,1,-56.44,7.5205,7.5487,24.1333,-71.51,-1.865
55,BNBUSDT,SHORT,futures,STRICT_SUPPORT,2024-05-26 10:00:00+00:00,602.713,602.3163,1.1784,2024-05-26 10:00:00+00:00,602.04,2024-05-26 10:15:00+00:00,601.29,0.0,0.036342,2024-05-26 10:30:00+00:00,601.0595,20.107415,12085.75,602.9487,601.3223,2,2024-05-26 14:00:00+00:00,602.0439,TRAILING_STOP,14,-19.79,6.0429,6.0528,19.361,-31.89,-0.839
56,BNBUSDT,SHORT,futures,STRICT_SUPPORT,2024-05-26 17:30:00+00:00,602.3362,602.2235,1.3197,2024-05-26 17:30:00+00:00,601.88,2024-05-26 18:45:00+00:00,601.41,0.0,0.113513,2024-05-26 19:00:00+00:00,601.1594,25.170188,15131.3,602.6001,599.8487,3,2024-05-26 21:45:00+00:00,600.5686,TRAILING_STOP,11,14.87,7.5656,7.5582,24.1922,-0.25,-0.007
57,SOLUSDT,SHORT,futures,STRICT_SUPPORT,2024-05-29 23:30:00+00:00,169.5003,169.286,0.8236,2024-05-29 23:30:00+00:00,168.539,2024-05-30 00:00:00+00:00,168.91,0.0,0.046045,2024-05-30 00:15:00+00:00,168.8464,46.211932,7802.72,169.665,169.4526,3,2024-05-30 02:15:00+00:00,169.656,TRAILING_STOP,8,-37.41,3.9014,3.9201,12.5292,-45.23,-1.196
58,BNBUSDT,SHORT,futures,STRICT_SUPPORT,2024-05-31 01:30:00+00:00,596.098,595.6817,1.1361,2024-05-31 01:30:00+00:00,595.22,2024-05-31 01:45:00+00:00,594.5,0.0,0.06166,2024-05-31 02:00:00+00:00,594.2522,18.138148,10778.63,596.3252,593.0366,2,2024-05-31 06:00:00+00:00,593.7482,TRAILING_STOP,16,9.14,5.3893,5.3847,17.2348,-1.63,-0.043
59,BNBUSDT,SHORT,futures,STRICT_SUPPORT,2024-05-31 14:15:00+00:00,595.3273,594.8188,1.8755,2024-05-31 14:15:00+00:00,594.09,2024-05-31 14:30:00+00:00,592.75,0.0,0.048776,2024-05-31 14:45:00+00:00,592.5129,11.786411,6983.6,595.7024,595.7024,0,2024-05-31 19:45:00+00:00,596.4172,STOP_LOSS,20,-46.02,3.4918,3.5148,11.229,-53.02,-1.411
60,ETHUSDT,SHORT,futures,STRICT_SUPPORT,2024-06-10 19:00:00+00:00,3688.3675,3685.6964,11.3882,2024-06-10 19:00:00+00:00,3677.76,2024-06-10 19:15:00+00:00,3684.43,0.0,0.866392,2024-06-10 19:30:00+00:00,3682.9562,4.054382,14932.11,3690.6451,3675.8585,2,2024-06-10 20:30:00+00:00,3680.2695,TRAILING_STOP,4,10.89,7.4661,7.4606,23.8783,-4.03,-0.129
61,SOLUSDT,SHORT,futures,STRICT_SUPPORT,2024-06-10 20:45:00+00:00,160.7916,160.4736,0.9549,2024-06-10 20:45:00+00:00,159.874,2024-06-10 21:00:00+00:00,160.283,0.0,0.079551,2024-06-10 21:15:00+00:00,160.2209,48.984464,7848.33,160.9826,159.547,11,2024-06-11 00:15:00+00:00,159.7384,TRAILING_STOP,12,23.63,3.9242,3.9124,12.529,15.8,0.423
62,BTCUSDT,SHORT,futures,STRICT_SUPPORT,2024-06-11 01:00:00+00:00,69618.6406,69569.045,109.2862,2024-06-11 01:00:00+00:00,69535.4,2024-06-11 01:15:00+00:00,69478.2,0.0,2.545039,2024-06-11 01:30:00+00:00,69450.4087,0.196713,13661.8,69640.4978,68941.1401,1,2024-06-11 02:00:00+00:00,69023.8694,TRAILING_STOP,2,83.91,6.8309,6.7889,21.7582,70.29,1.88
63,BTCUSDT,SHORT,futures,STRICT_SUPPORT,2024-06-14 15:00:00+00:00,67063.1888,66979.3773,228.3568,2024-06-14 15:00:00+00:00,66840.0,2024-06-14 15:15:00+00:00,66912.7,0.0,21.977308,2024-06-14 15:30:00+00:00,66886.0349,0.16939,11329.84,67108.8601,65614.8402,14,2024-06-14 19:15:00+00:00,65693.5781,TRAILING_STOP,15,201.99,5.6649,5.5639,17.8854,190.76,5.054
64,BNBUSDT,SHORT,futures,STRICT_SUPPORT,2024-06-15 21:00:00+00:00,606.4964,605.8671,1.2848,2024-06-15 21:00:00+00:00,605.41,2024-06-15 21:15:00+00:00,605.27,0.0,0.037075,2024-06-15 21:30:00+00:00,605.0579,22.828271,13812.43,606.7533,606.7533,0,2024-06-15 22:30:00+00:00,607.4814,STOP_LOSS,4,-55.33,6.9062,6.9339,22.1663,-69.17,-1.787
65,BTCUSDT,SHORT,futures,STRICT_SUPPORT,2024-06-19 09:00:00+00:00,65286.5355,65233.8703,135.8025,2024-06-19 09:00:00+00:00,65196.0,2024-06-19 09:15:00+00:00,65136.2,0.0,8.470258,2024-06-19 09:30:00+00:00,65110.1455,0.188445,12269.66,65313.696,65313.696,0,2024-06-19 10:45:00+00:00,65392.0724,STOP_LOSS,5,-53.13,6.1348,6.1614,19.6952,-65.42,-1.706
66,SOLUSDT,SHORT,futures,STRICT_SUPPORT,2024-06-19 12:00:00+00:00,138.5568,138.351,0.9861,2024-06-19 12:00:00+00:00,137.484,2024-06-19 12:30:00+00:00,137.997,0.0,0.090988,2024-06-19 12:45:00+00:00,137.9408,46.767417,6451.13,138.754,137.0973,8,2024-06-19 16:00:00+00:00,137.2618,TRAILING_STOP,13,31.76,3.2256,3.2097,10.2837,25.32,0.666
67,BTCUSDT,SHORT,futures,STRICT_SUPPORT,2024-06-19 12:45:00+00:00,65243.5977,65212.2903,182.7203,2024-06-19 12:45:00+00:00,65156.6,2024-06-19 13:00:00+00:00,65115.2,0.0,12.290276,2024-06-19 13:15:00+00:00,65089.054,0.198384,12912.63,65280.1417,65041.9901,3,2024-06-19 16:15:00+00:00,65120.0405,TRAILING_STOP,12,-6.15,6.4563,6.4594,20.6676,-19.06,-0.503
68,ETHUSDT,SHORT,futures,STRICT_SUPPORT,2024-06-22 01:00:00+00:00,3510.4693,3507.5569,8.7119,2024-06-22 01:00:00+00:00,3503.54,2024-06-22 01:45:00+00:00,3501.2,0.0,0.526894,2024-06-22 02:00:00+00:00,3499.7995,3.066857,10733.38,3512.2117,3487.0695,8,2024-06-22 09:30:00+00:00,3491.254,TRAILING_STOP,30,26.21,5.3667,5.3536,17.142,15.49,0.407
70,BTCUSDT,SHORT,futures,STRICT_SUPPORT,2024-06-26 15:00:00+00:00,61557.1143,61526.1506,264.7612,2024-06-26 15:00:00+00:00,61256.2,2024-06-26 16:00:00+00:00,61506.0,0.0,18.250551,2024-06-26 16:15:00+00:00,61481.3976,0.247754,15232.28,61610.0666,61340.2161,2,2024-06-26 17:30:00+00:00,61413.8244,TRAILING_STOP,5,16.74,7.6161,7.6078,24.3516,1.52,0.048
69,ETHUSDT,SHORT,futures,STRICT_SUPPORT,2024-06-26 14:45:00+00:00,3384.5778,3379.0666,11.1401,2024-06-26 14:45:00+00:00,3376.52,2024-06-26 15:00:00+00:00,3350.64,0.0,0.446562,2024-06-26 15:15:00+00:00,3349.2997,1.017086,3406.53,3386.8058,3386.8058,0,2024-06-26 19:30:00+00:00,3390.8699,STOP_LOSS,17,-42.28,1.7033,1.7244,5.5012,-45.71,-1.198
71,SOLUSDT,SHORT,futures,STRICT_SUPPORT,2024-06-26 17:30:00+00:00,136.889,136.5118,0.8916,2024-06-26 17:30:00+00:00,135.235,2024-06-26 19:15:00+00:00,136.224,0.0,0.055825,2024-06-26 19:30:00+00:00,136.1685,42.199797,5746.28,137.0673,137.0673,0,2024-06-26 19:45:00+00:00,137.2318,STOP_LOSS,1,-44.87,2.8731,2.8956,9.2479,-50.64,-1.335
72,BTCUSDT,SHORT,futures,STRICT_SUPPORT,2024-06-28 13:00:00+00:00,61555.3352,61529.1481,196.294,2024-06-28 13:00:00+00:00,61360.0,2024-06-28 13:15:00+00:00,61462.8,0.0,18.648094,2024-06-28 13:30:00+00:00,61438.3148,0.241071,14811.02,61594.594,61594.594,0,2024-06-28 13:45:00+00:00,61818.8938,STOP_LOSS,1,-91.75,7.4055,7.4514,23.8077,-106.6,-2.83
73,SOLUSDT,SHORT,futures,STRICT_SUPPORT,2024-06-29 14:30:00+00:00,142.2314,142.0074,0.5289,2024-06-29 14:30:00+00:00,141.673,2024-06-29 14:45:00+00:00,141.785,0.0,0.04144,2024-06-29 15:00:00+00:00,141.7193,60.110694,8518.84,142.3372,142.3372,0,2024-06-29 15:30:00+00:00,142.508,STOP_LOSS,2,-47.41,4.2594,4.2831,13.687,-55.95,-1.506
74,BTCUSDT,SHORT,futures,STRICT_SUPPORT,2024-07-06 04:00:00+00:00,56397.0583,56324.772,174.9318,2024-07-06 04:00:00+00:00,56307.8,2024-07-06 04:15:00+00:00,56269.3,0.0,10.371969,2024-07-06 04:30:00+00:00,56246.6923,0.198873,11185.97,56432.0446,56353.9656,1,2024-07-06 05:00:00+00:00,56421.5903,TRAILING_STOP,2,-34.78,5.593,5.6104,17.9393,-45.99,-1.248
75,BNBUSDT,SHORT,futures,STRICT_SUPPORT,2024-07-08 16:45:00+00:00,505.8357,504.4953,4.8348,2024-07-08 16:45:00+00:00,502.68,2024-07-08 17:00:00+00:00,503.39,0.0,0.1053,2024-07-08 17:15:00+00:00,503.1986,10.164001,5114.51,506.8027,506.8027,0,2024-07-08 18:30:00+00:00,507.4109,STOP_LOSS,5,-42.81,2.5573,2.5787,8.2346,-47.95,-1.309
76,ETHUSDT,SHORT,futures,STRICT_SUPPORT,2024-07-24 12:30:00+00:00,3459.053,3455.7079,8.2639,2024-07-24 12:30:00+00:00,3454.6,2024-07-24 12:45:00+00:00,3446.58,0.0,0.707876,2024-07-24 13:00:00+00:00,3445.2014,2.347204,8086.59,3460.7058,3460.7058,0,2024-07-24 13:15:00+00:00,3464.8586,STOP_LOSS,1,-46.14,4.0433,4.0664,12.9939,-54.25,-1.491
77,ETHUSDT,SHORT,futures,STRICT_SUPPORT,2024-07-24 13:45:00+00:00,3458.4642,3455.1845,12.4489,2024-07-24 13:45:00+00:00,3440.01,2024-07-24 14:15:00+00:00,3446.09,0.0,0.71451,2024-07-24 14:30:00+00:00,3444.7016,2.222484,7655.79,3460.954,3426.9115,11,2024-07-24 17:30:00+00:00,3431.0238,TRAILING_STOP,12,30.4,3.8279,3.8127,12.2128,22.76,0.63
78,ETHUSDT,SHORT,futures,STRICT_SUPPORT,2024-07-30 15:00:00+00:00,3329.1858,3326.1635,16.8725,2024-07-30 15:00:00+00:00,3309.97,2024-07-30 16:15:00+00:00,3316.04,0.0,1.16345,2024-07-30 16:30:00+00:00,3314.6936,2.02819,6722.83,3332.5603,3266.2702,14,2024-07-30 20:30:00+00:00,3270.1898,TRAILING_STOP,16,90.26,3.3614,3.3163,10.6482,83.58,2.307
79,ETHUSDT,SHORT,futures,STRICT_SUPPORT,2024-08-06 10:00:00+00:00,2480.3006,2475.4962,21.305,2024-08-06 10:00:00+00:00,2457.65,2024-08-06 10:30:00+00:00,2454.66,0.0,1.516177,2024-08-06 10:45:00+00:00,2453.6681,1.186498,2911.27,2484.5616,2457.0417,1,2024-08-06 13:30:00+00:00,2459.9902,TRAILING_STOP,11,-7.5,1.4556,1.4594,4.667,-10.42,-0.284
80,ETHUSDT,SHORT,futures,STRICT_SUPPORT,2024-08-06 22:15:00+00:00,2491.1494,2485.326,24.3855,2024-08-06 22:15:00+00:00,2460.4,2024-08-06 23:00:00+00:00,2472.67,0.0,2.015975,2024-08-06 23:15:00+00:00,2471.6809,1.503471,3716.1,2496.0265,2474.3503,4,2024-08-07 01:30:00+00:00,2477.3196,TRAILING_STOP,9,-8.48,1.858,1.8623,5.9559,-12.2,-0.333
81,SOLUSDT,SHORT,futures,STRICT_SUPPORT,2024-08-10 03:15:00+00:00,154.9188,154.5634,1.2444,2024-08-10 03:15:00+00:00,153.492,2024-08-10 03:30:00+00:00,154.421,0.0,0.114385,2024-08-10 03:45:00+00:00,154.3602,45.255838,6985.7,155.1677,154.393,5,2024-08-10 05:45:00+00:00,154.5783,TRAILING_STOP,8,-9.87,3.4929,3.4978,11.189,-16.86,-0.461
83,BNBUSDT,SHORT,futures,STRICT_SUPPORT,2024-08-12 19:30:00+00:00,514.4945,513.6531,3.334,2024-08-12 19:30:00+00:00,511.99,2024-08-12 19:45:00+00:00,512.95,0.0,0.253123,2024-08-12 20:00:00+00:00,512.7548,15.129691,7757.82,515.1613,515.1613,0,2024-08-12 20:15:00+00:00,515.7794,STOP_LOSS,1,-45.76,3.8789,3.9018,12.4674,-53.54,-1.471
82,BTCUSDT,SHORT,futures,STRICT_SUPPORT,2024-08-12 18:45:00+00:00,59387.4049,59282.1561,434.4102,2024-08-12 18:45:00+00:00,58511.2,2024-08-12 19:15:00+00:00,59129.6,0.0,13.256051,2024-08-12 19:30:00+00:00,59105.9482,0.098976,5850.09,59474.287,59188.8792,4,2024-08-12 22:15:00+00:00,59259.9058,TRAILING_STOP,11,-15.24,2.925,2.9327,9.3784,-21.1,-0.579
84,BTCUSDT,SHORT,futures,STRICT_SUPPORT,2024-08-13 04:00:00+00:00,59285.2954,59266.7064,302.7468,2024-08-13 04:00:00+00:00,58890.0,2024-08-13 05:15:00+00:00,59224.6,0.0,4.706449,2024-08-13 05:30:00+00:00,59200.8102,0.243805,14433.46,59345.8448,59345.8448,0,2024-08-13 06:45:00+00:00,59417.0598,STOP_LOSS,5,-52.72,7.2167,7.2431,23.1568,-67.18,-1.9
85,SOLUSDT,SHORT,futures,STRICT_SUPPORT,2024-08-13 08:15:00+00:00,145.7119,145.4173,0.9345,2024-08-13 08:15:00+00:00,144.84,2024-08-13 08:30:00+00:00,145.101,0.0,0.024265,2024-08-13 08:45:00+00:00,145.043,41.770631,6058.54,145.8988,144.8776,7,2024-08-13 11:30:00+00:00,145.0514,TRAILING_STOP,11,-0.35,3.0293,3.0294,9.6941,-6.41,-0.179
86,BNBUSDT,SHORT,futures,STRICT_SUPPORT,2024-08-14 14:30:00+00:00,525.7307,524.3974,3.6078,2024-08-14 14:30:00+00:00,520.61,2024-08-14 15:00:00+00:00,521.44,0.0,0.157387,2024-08-14 15:15:00+00:00,521.2214,6.827893,3558.84,526.4523,526.4523,0,2024-08-14 15:45:00+00:00,527.084,STOP_LOSS,2,-40.03,1.7794,1.7994,5.7422,-43.61,-1.221
87,ETHUSDT,SHORT,futures,STRICT_SUPPORT,2024-08-16 14:00:00+00:00,2604.9185,2599.1038,21.054,2024-08-16 14:00:00+00:00,2583.15,2024-08-16 14:30:00+00:00,2596.01,0.0,0.46378,2024-08-16 14:45:00+00:00,2594.9616,2.505524,6501.74,2609.1293,2592.0026,4,2024-08-16 16:15:00+00:00,2595.113,TRAILING_STOP,6,-0.38,3.2509,3.2511,10.4032,-6.88,-0.194
88,BTCUSDT,SHORT,futures,STRICT_SUPPORT,2024-08-16 15:00:00+00:00,58241.6398,58191.6223,415.76,2024-08-16 15:00:00+00:00,58134.0,2024-08-16 15:15:00+00:00,57814.8,0.0,37.722255,2024-08-16 15:30:00+00:00,57791.6741,0.067089,3877.17,58324.7919,58324.7919,0,2024-08-16 16:15:00+00:00,58394.7816,STOP_LOSS,3,-40.46,1.9386,1.9588,6.252,-44.36,-1.24
89,ETHUSDT,SHORT,futures,STRICT_SUPPORT,2024-08-17 06:45:00+00:00,2600.1086,2597.8468,4.718,2024-08-17 06:45:00+00:00,2595.88,2024-08-17 07:00:00+00:00,2591.25,0.0,0.076842,2024-08-17 07:15:00+00:00,2590.2135,3.251548,8422.2,2601.0522,2601.0522,0,2024-08-17 09:15:00+00:00,2604.1734,STOP_LOSS,8,-45.39,4.2111,4.2338,13.53,-53.84,-1.528
90,SOLUSDT,SHORT,futures,STRICT_SUPPORT,2024-08-22 15:30:00+00:00,143.0202,142.7718,0.6919,2024-08-22 15:30:00+00:00,142.315,2024-08-22 15:45:00+00:00,142.552,0.0,0.050762,2024-08-22 16:00:00+00:00,142.495,52.698112,7509.22,143.1586,143.1586,0,2024-08-22 16:30:00+00:00,143.3304,STOP_LOSS,2,-44.03,3.7546,3.7766,12.0676,-51.56,-1.474
91,BNBUSDT,SHORT,futures,STRICT_SUPPORT,2024-08-25 00:45:00+00:00,582.0809,581.1355,2.9984,2024-08-25 00:45:00+00:00,577.4,2024-08-25 01:15:00+00:00,579.85,0.0,0.135467,2024-08-25 01:30:00+00:00,579.6081,11.298267,6548.57,582.6806,579.1408,10,2024-08-25 05:15:00+00:00,579.8358,TRAILING_STOP,15,-2.57,3.2743,3.2756,10.4808,-9.12,-0.263
92,BNBUSDT,SHORT,futures,STRICT_SUPPORT,2024-09-06 13:45:00+00:00,505.0189,504.5722,3.2081,2024-09-06 13:45:00+00:00,503.32,2024-09-06 14:00:00+00:00,497.58,0.0,0.282202,2024-09-06 14:15:00+00:00,497.381,4.18728,2082.67,505.6605,480.3935,20,2024-09-06 21:30:00+00:00,480.97,TRAILING_STOP,29,68.72,1.0413,1.007,3.2498,66.67,1.923
93,SOLUSDT,SHORT,futures,STRICT_SUPPORT,2024-09-07 21:30:00+00:00,127.5845,127.3476,0.5752,2024-09-07 21:30:00+00:00,127.341,2024-09-07 21:45:00+00:00,126.85,0.0,0.006565,2024-09-07 22:00:00+00:00,126.7993,38.880485,4930.02,127.6995,127.6995,0,2024-09-07 23:45:00+00:00,127.8527,STOP_LOSS,7,-40.96,2.465,2.4855,7.9372,-45.91,-1.312
94,ETHUSDT,SHORT,futures,STRICT_SUPPORT,2024-09-18 20:00:00+00:00,2315.3614,2311.786,19.7249,2024-09-18 20:00:00+00:00,2294.31,2024-09-18 20:15:00+00:00,2309.04,0.0,1.885977,2024-09-18 20:30:00+00:00,2308.1164,3.107468,7172.4,2319.3064,2319.3064,0,2024-09-18 20:45:00+00:00,2324.3559,STOP_LOSS,1,-50.46,3.5862,3.6114,11.5364,-57.66,-1.658
95,BTCUSDT,SHORT,futures,STRICT_SUPPORT,2024-09-24 00:45:00+00:00,63330.6862,63244.1617,228.4704,2024-09-24 00:45:00+00:00,62886.1,2024-09-24 01:15:00+00:00,62900.3,0.0,13.661742,2024-09-24 01:30:00+00:00,62875.1399,0.068798,4325.68,63376.3803,63376.3803,0,2024-09-24 06:30:00+00:00,63452.432,STOP_LOSS,20,-39.72,2.1628,2.1827,6.9687,-44.06,-1.278
96,BTCUSDT,SHORT,futures,STRICT_SUPPORT,2024-09-24 14:30:00+00:00,63359.9059,63337.2869,260.3481,2024-09-24 14:30:00+00:00,62893.0,2024-09-24 15:00:00+00:00,63215.6,0.0,4.286904,2024-09-24 15:15:00+00:00,63190.3138,0.154578,9767.81,63411.9755,63386.9123,2,2024-09-24 17:15:00+00:00,63462.9766,TRAILING_STOP,8,-42.15,4.8839,4.905,15.6791,-51.94,-1.516
97,BNBUSDT,SHORT,futures,STRICT_SUPPORT,2024-09-29 22:30:00+00:00,599.082,598.5393,1.6649,2024-09-29 22:30:00+00:00,598.31,2024-09-29 22:45:00+00:00,597.38,0.0,0.019288,2024-09-29 23:00:00+00:00,597.1311,14.888491,8890.38,599.415,579.4617,10,2024-09-30 03:30:00+00:00,580.1571,TRAILING_STOP,18,252.72,4.4452,4.3188,13.9213,243.95,7.174
98,ETHUSDT,SHORT,futures,STRICT_SUPPORT,2024-09-30 00:30:00+00:00,2659.7423,2655.0857,11.0679,2024-09-30 00:30:00+00:00,2641.15,2024-09-30 01:00:00+00:00,2636.67,0.0,0.145654,2024-09-30 01:15:00+00:00,2635.6153,1.319894,3478.73,2661.9558,2625.9296,5,2024-09-30 03:30:00+00:00,2629.0807,TRAILING_STOP,9,8.62,1.7394,1.7351,5.5556,5.15,0.148
99,BTCUSDT,SHORT,futures,STRICT_SUPPORT,2024-10-08 15:15:00+00:00,62673.9665,62523.332,322.2708,2024-10-08 15:15:00+00:00,62173.1,2024-10-08 16:30:00+00:00,62479.7,0.0,23.331979,2024-10-08 16:45:00+00:00,62454.8081,0.124288,7762.4,62738.4207,62275.9302,11,2024-10-08 20:30:00+00:00,62350.6614,TRAILING_STOP,15,12.94,3.8812,3.8747,12.4043,5.19,0.147
100,ETHUSDT,SHORT,futures,STRICT_SUPPORT,2024-10-09 16:45:00+00:00,2440.8121,2439.7032,11.465,2024-10-09 16:45:00+00:00,2432.93,2024-10-09 17:15:00+00:00,2434.81,0.0,0.063188,2024-10-09 17:30:00+00:00,2433.8261,3.801644,9252.54,2443.1051,2379.3136,14,2024-10-09 21:45:00+00:00,2382.1688,TRAILING_STOP,17,196.38,4.6263,4.5281,14.5684,187.23,5.308
101,SOLUSDT,SHORT,futures,STRICT_SUPPORT,2024-10-13 15:30:00+00:00,146.5257,146.3409,0.7115,2024-10-13 15:30:00+00:00,144.84,2024-10-13 17:00:00+00:00,146.28,0.0,0.050859,2024-10-13 17:15:00+00:00,146.2215,81.102845,11858.98,146.668,145.8638,4,2024-10-13 19:00:00+00:00,146.0388,TRAILING_STOP,7,14.81,5.9295,5.9221,18.9566,2.96,0.082
102,SOLUSDT,SHORT,futures,STRICT_SUPPORT,2024-10-15 21:00:00+00:00,154.4444,154.1604,1.1694,2024-10-15 21:00:00+00:00,152.7,2024-10-15 22:30:00+00:00,153.37,0.0,0.110437,2024-10-15 22:45:00+00:00,153.3186,26.644528,4085.1,154.6783,154.6783,0,2024-10-15 23:30:00+00:00,154.8639,STOP_LOSS,3,-41.17,2.0426,2.0631,6.5856,-45.28,-1.25
103,BTCUSDT,SHORT,futures,STRICT_SUPPORT,2024-10-17 18:30:00+00:00,67259.8494,67160.0351,314.1824,2024-10-17 18:30:00+00:00,66971.6,2024-10-17 20:30:00+00:00,67000.0,0.0,29.0351,2024-10-17 20:45:00+00:00,66973.1,0.10298,6896.86,67322.6858,67322.6858,0,2024-10-17 22:15:00+00:00,67403.4731,STOP_LOSS,6,-44.32,3.4484,3.4706,11.0882,-51.24,-1.423
104,BTCUSDT,SHORT,futures,STRICT_SUPPORT,2024-10-23 00:30:00+00:00,67439.1689,67387.8846,155.2,2024-10-23 00:30:00+00:00,67173.6,2024-10-23 01:30:00+00:00,67335.4,0.0,13.884566,2024-10-23 01:45:00+00:00,67308.4658,0.212419,14297.61,67470.2089,67153.7564,9,2024-10-23 04:30:00+00:00,67234.3409,TRAILING_STOP,11,15.75,7.1488,7.1409,22.8573,1.46,0.042
105,BNBUSDT,SHORT,futures,STRICT_SUPPORT,2024-10-25 16:00:00+00:00,592.0469,591.8647,2.3268,2024-10-25 16:00:00+00:00,591.04,2024-10-25 16:15:00+00:00,589.25,0.0,0.214731,2024-10-25 16:30:00+00:00,589.0043,10.191332,6002.74,592.5123,584.2323,2,2024-10-25 18:15:00+00:00,585.3516,TRAILING_STOP,7,37.23,3.0014,2.9828,9.5597,31.24,0.874
106,ETHUSDT,SHORT,futures,STRICT_SUPPORT,2024-10-28 04:30:00+00:00,2493.5447,2490.4283,7.8767,2024-10-28 04:30:00+00:00,2481.28,2024-10-28 05:45:00+00:00,2485.54,0.0,0.588251,2024-10-28 06:00:00+00:00,2484.5458,3.395745,8436.88,2495.1201,2495.1201,0,2024-10-28 07:00:00+00:00,2498.1142,STOP_LOSS,4,-46.07,4.2184,4.2415,13.5543,-54.53,-1.519
107,BNBUSDT,SHORT,futures,STRICT_SUPPORT,2024-11-04 13:45:00+00:00,560.6918,560.0395,1.6388,2024-11-04 13:45:00+00:00,559.61,2024-11-04 14:00:00+00:00,559.03,0.0,0.119542,2024-11-04 14:15:00+00:00,558.8164,16.17454,9038.6,561.0195,559.6427,2,2024-11-04 15:45:00+00:00,560.3143,TRAILING_STOP,6,-24.23,4.5193,4.5314,14.4908,-33.28,-0.934
108,BNBUSDT,SHORT,futures,STRICT_SUPPORT,2024-11-14 00:30:00+00:00,619.7059,617.9948,4.0001,2024-11-14 00:30:00+00:00,615.29,2024-11-14 01:00:00+00:00,616.56,0.0,0.154768,2024-11-14 01:15:00+00:00,616.2734,8.380033,5164.39,620.5059,619.5706,1,2024-11-14 02:00:00+00:00,620.3141,TRAILING_STOP,3,-33.86,2.5822,2.5991,8.3037,-39.04,-1.101
109,ETHUSDT,SHORT,futures,STRICT_SUPPORT,2024-11-14 06:45:00+00:00,3214.7723,3209.6573,18.1251,2024-11-14 06:45:00+00:00,3187.51,2024-11-14 07:30:00+00:00,3204.6,0.0,1.327283,2024-11-14 07:45:00+00:00,3203.3182,2.339206,7493.22,3218.3973,3218.3973,0,2024-11-14 08:00:00+00:00,3223.5136,STOP_LOSS,1,-47.24,3.7466,3.7702,12.0458,-54.76,-1.552
110,SOLUSDT,SHORT,futures,STRICT_SUPPORT,2024-11-14 20:30:00+00:00,215.3085,214.7534,1.9271,2024-11-14 20:30:00+00:00,214.26,2024-11-14 20:45:00+00:00,213.81,0.0,0.07343,2024-11-14 21:00:00+00:00,213.7445,17.955196,3837.82,215.6939,211.4897,6,2024-11-15 00:00:00+00:00,211.7435,TRAILING_STOP,12,35.93,1.9189,1.9009,6.0974,32.11,0.917
111,BNBUSDT,SHORT,futures,STRICT_SUPPORT,2024-11-16 23:45:00+00:00,625.7726,624.751,2.6731,2024-11-16 23:45:00+00:00,623.19,2024-11-17 00:00:00+00:00,624.34,0.0,0.080956,2024-11-17 00:15:00+00:00,624.1003,15.934201,9944.54,626.3072,626.3072,0,2024-11-17 00:30:00+00:00,627.6222,STOP_LOSS,1,-56.12,4.9723,5.0003,15.9786,-66.09,-1.879
112,ETHUSDT,SHORT,futures,STRICT_SUPPORT,2024-11-17 11:30:00+00:00,3133.1835,3129.6415,16.2805,2024-11-17 11:30:00+00:00,3117.71,2024-11-17 12:45:00+00:00,3123.82,0.0,0.411544,2024-11-17 13:00:00+00:00,3122.5705,2.511702,7842.97,3136.4396,3112.501,3,2024-11-17 14:00:00+00:00,3116.236,TRAILING_STOP,4,15.91,3.9215,3.9135,12.5297,8.08,0.232
113,BTCUSDT,SHORT,futures,STRICT_SUPPORT,2024-11-18 23:45:00+00:00,91071.5003,90970.2635,462.5511,2024-11-18 23:45:00+00:00,90507.4,2024-11-19 00:30:00+00:00,90932.5,0.0,27.863518,2024-11-19 00:45:00+00:00,90896.027,0.130141,11829.28,91164.0105,91164.0105,0,2024-11-19 01:00:00+00:00,91273.4073,STOP_LOSS,1,-49.11,5.9146,5.9392,18.9858,-60.97,-1.748
114,SOLUSDT,SHORT,futures,STRICT_SUPPORT,2024-12-01 23:45:00+00:00,237.7701,237.3725,1.1454,2024-12-01 23:45:00+00:00,237.06,2024-12-02 00:00:00+00:00,235.89,0.0,0.012502,2024-12-02 00:15:00+00:00,235.8156,15.832503,3733.55,237.9992,237.9992,0,2024-12-02 01:30:00+00:00,238.2848,STOP_LOSS,5,-39.09,1.8668,1.8863,6.0206,-42.85,-1.239
115,ETHUSDT,SHORT,futures,STRICT_SUPPORT,2024-12-02 04:15:00+00:00,3713.3279,3707.3541,26.7414,2024-12-02 04:15:00+00:00,3676.95,2024-12-02 05:00:00+00:00,3702.66,0.0,0.704138,2024-12-02 05:15:00+00:00,3701.1889,1.964658,7271.57,3718.6762,3608.1907,21,2024-12-02 12:15:00+00:00,3612.5205,TRAILING_STOP,28,174.2,3.6358,3.5487,11.4255,167.02,4.861
116,SOLUSDT,SHORT,futures,STRICT_SUPPORT,2024-12-04 22:00:00+00:00,232.3898,231.6489,2.0993,2024-12-04 22:00:00+00:00,230.27,2024-12-04 22:15:00+00:00,231.59,0.0,0.058921,2024-12-04 22:30:00+00:00,231.4974,26.8256,6210.06,232.8096,229.7869,3,2024-12-05 00:00:00+00:00,230.0627,TRAILING_STOP,6,38.49,3.105,3.0858,9.8899,32.3,0.917
117,BTCUSDT,SHORT,futures,STRICT_SUPPORT,2024-12-12 21:00:00+00:00,100746.034,100467.1802,574.3011,2024-12-12 21:00:00+00:00,99733.7,2024-12-12 22:30:00+00:00,100380.0,0.0,35.280153,2024-12-12 22:45:00+00:00,100339.848,0.067886,6811.71,100860.8942,99708.8503,7,2024-12-13 03:45:00+00:00,99828.5009,TRAILING_STOP,20,34.71,3.4059,3.3885,10.8571,27.92,0.789
118,BNBUSDT,SHORT,futures,STRICT_SUPPORT,2024-12-15 22:00:00+00:00,715.9194,715.5168,2.7,2024-12-15 22:00:00+00:00,710.04,2024-12-15 22:45:00+00:00,714.52,0.0,0.166767,2024-12-15 23:00:00+00:00,714.2242,15.889156,11348.42,716.4594,716.4594,0,2024-12-15 23:15:00+00:00,717.7703,STOP_LOSS,1,-56.34,5.6742,5.7024,18.2251,-67.72,-1.907
119,BNBUSDT,SHORT,futures,STRICT_SUPPORT,2024-12-18 14:30:00+00:00,717.8087,716.5696,2.9242,2024-12-18 14:30:00+00:00,715.61,2024-12-18 14:45:00+00:00,710.92,0.0,0.129595,2024-12-18 15:00:00+00:00,710.6556,4.545966,3230.62,718.3936,718.3936,0,2024-12-18 17:30:00+00:00,719.2556,STOP_LOSS,10,-39.1,1.6153,1.6349,5.2159,-42.35,-1.204
120,BTCUSDT,SHORT,futures,STRICT_SUPPORT,2024-12-21 13:45:00+00:00,97799.8396,97637.3153,516.9524,2024-12-21 13:45:00+00:00,97300.1,2024-12-21 14:00:00+00:00,97526.4,0.0,37.315345,2024-12-21 14:15:00+00:00,97487.3894,0.084082,8196.97,97903.2301,97498.0032,12,2024-12-21 20:00:00+00:00,97615.0008,TRAILING_STOP,23,-10.73,4.0985,4.1039,13.128,-18.93,-0.541
122,ETHUSDT,SHORT,futures,STRICT_SUPPORT,2024-12-23 15:00:00+00:00,3325.8868,3320.2334,26.1134,2024-12-23 15:00:00+00:00,3302.62,2024-12-23 16:30:00+00:00,3319.6,0.0,0.073368,2024-12-23 16:45:00+00:00,3318.2722,2.718735,9021.5,3331.1095,3331.1095,0,2024-12-23 17:00:00+00:00,3377.4281,STOP_LOSS,1,-160.83,4.5108,4.5912,14.6274,-169.93,-4.869
123,ETHUSDT,SHORT,futures,STRICT_SUPPORT,2024-12-23 18:30:00+00:00,3329.099,3321.5994,26.2194,2024-12-23 18:30:00+00:00,3314.75,2024-12-23 18:45:00+00:00,3303.9,0.0,0.339436,2024-12-23 19:00:00+00:00,3302.5684,1.073586,3545.59,3334.3429,3334.3429,0,2024-12-23 19:15:00+00:00,3346.4609,STOP_LOSS,1,-47.12,1.7728,1.7964,5.7295,-50.69,-1.486
121,BTCUSDT,SHORT,futures,STRICT_SUPPORT,2024-12-23 14:00:00+00:00,95715.5146,95611.0882,435.3775,2024-12-23 14:00:00+00:00,95172.6,2024-12-23 14:30:00+00:00,94270.2,0.0,31.088177,2024-12-23 14:45:00+00:00,94232.4919,0.022212,2093.05,95802.5901,93505.9933,5,2024-12-23 21:00:00+00:00,93618.2005,TRAILING_STOP,25,13.64,1.0465,1.0397,3.3325,11.56,0.331
124,ETHUSDT,SHORT,futures,STRICT_SUPPORT,2024-12-27 08:00:00+00:00,3371.0007,3361.4102,22.1191,2024-12-27 08:00:00+00:00,3350.95,2024-12-27 08:15:00+00:00,3357.1,0.0,0.410183,2024-12-27 08:30:00+00:00,3355.7472,1.71923,5769.3,3375.4245,3375.4245,0,2024-12-27 09:00:00+00:00,3379.475,STOP_LOSS,2,-40.79,2.8847,2.905,9.2798,-46.58,-1.377
125,SOLUSDT,SHORT,futures,STRICT_SUPPORT,2024-12-30 22:15:00+00:00,192.3558,191.9739,1.5725,2024-12-30 22:15:00+00:00,190.66,2024-12-31 00:00:00+00:00,191.9,0.0,0.013899,2024-12-31 00:15:00+00:00,191.8232,39.665622,7608.79,192.6702,190.4771,8,2024-12-31 02:45:00+00:00,190.7057,TRAILING_STOP,10,44.33,3.8044,3.7822,12.1209,36.74,1.094
126,BNBUSDT,SHORT,futures,STRICT_SUPPORT,2024-12-31 05:45:00+00:00,702.6845,702.0661,2.5743,2024-12-31 05:45:00+00:00,698.46,2024-12-31 06:15:00+00:00,699.76,0.0,0.186087,2024-12-31 06:30:00+00:00,699.4701,9.058257,6335.98,703.1994,703.1994,0,2024-12-31 08:15:00+00:00,704.0432,STOP_LOSS,7,-41.42,3.168,3.1887,10.1873,-47.78,-1.414
127,BNBUSDT,SHORT,futures,STRICT_SUPPORT,2025-01-02 17:45:00+00:00,708.4225,707.6906,2.9776,2025-01-02 17:45:00+00:00,704.78,2025-01-02 19:15:00+00:00,706.97,0.0,0.250628,2025-01-02 19:30:00+00:00,706.6772,14.329116,10126.06,709.018,705.8135,12,2025-01-02 23:00:00+00:00,706.6605,TRAILING_STOP,14,0.24,5.063,5.0629,16.2014,-9.89,-0.295
128,BTCUSDT,SHORT,futures,STRICT_SUPPORT,2025-01-05 18:15:00+00:00,97921.6436,97825.3086,196.9996,2025-01-05 18:15:00+00:00,97664.8,2025-01-05 18:30:00+00:00,97791.4,0.0,5.308614,2025-01-05 18:45:00+00:00,97752.3834,0.137048,13396.77,97961.0435,97961.0435,0,2025-01-05 19:00:00+00:00,98078.5967,STOP_LOSS,1,-44.71,6.6984,6.7207,21.4885,-58.13,-2.033
130,BTCUSDT,SHORT,futures,STRICT_SUPPORT,2025-01-10 15:45:00+00:00,94076.499,93926.3202,919.0382,2025-01-10 15:45:00+00:00,93704.0,2025-01-10 16:00:00+00:00,93603.9,0.0,90.520205,2025-01-10 16:15:00+00:00,93566.3585,0.047837,4475.97,94260.3066,94260.3066,0,2025-01-10 17:15:00+00:00,94373.419,STOP_LOSS,4,-38.61,2.238,2.2573,7.2079,-43.1,-1.298
129,ETHUSDT,SHORT,futures,STRICT_SUPPORT,2025-01-10 14:15:00+00:00,3284.5486,3277.1232,23.2905,2025-01-10 14:15:00+00:00,3268.87,2025-01-10 15:45:00+00:00,3243.7,0.0,2.223153,2025-01-10 16:00:00+00:00,3242.3925,0.709214,2299.55,3289.2067,3289.2067,0,2025-01-10 17:45:00+00:00,3293.1538,STOP_LOSS,7,-36.0,1.1498,1.1678,3.7225,-38.32,-1.154
131,ETHUSDT,SHORT,futures,STRICT_SUPPORT,2025-01-10 20:15:00+00:00,3278.4293,3274.4291,18.5998,2025-01-10 20:15:00+00:00,3271.91,2025-01-10 20:30:00+00:00,3261.0,0.0,0.469113,2025-01-10 20:45:00+00:00,3259.6856,1.459877,4758.74,3282.1493,3245.974,10,2025-01-11 04:45:00+00:00,3238.835,TIME_EXIT_8H,32,30.44,2.3794,2.3642,3.7948,25.7,0.784
132,SOLUSDT,SHORT,futures,STRICT_SUPPORT,2025-01-12 01:45:00+00:00,187.8535,187.6008,0.7424,2025-01-12 01:45:00+00:00,187.51,2025-01-12 02:00:00+00:00,187.4,0.0,0.040815,2025-01-12 02:15:00+00:00,187.325,48.638001,9111.12,188.002,188.002,0,2025-01-12 02:45:00+00:00,188.2276,STOP_LOSS,2,-43.9,4.5556,4.5775,14.6305,-53.03,-1.611
133,SOLUSDT,SHORT,futures,STRICT_SUPPORT,2025-01-12 03:15:00+00:00,187.7065,187.5922,0.7598,2025-01-12 03:15:00+00:00,187.01,2025-01-12 03:30:00+00:00,187.32,0.0,0.052223,2025-01-12 03:45:00+00:00,187.2551,54.122644,10134.74,187.8585,186.6102,12,2025-01-12 08:00:00+00:00,186.8341,TRAILING_STOP,17,22.78,5.0674,5.056,16.1882,12.66,0.388
134,ETHUSDT,SHORT,futures,STRICT_SUPPORT,2025-01-12 22:30:00+00:00,3270.4168,3267.7441,12.5982,2025-01-12 22:30:00+00:00,3243.54,2025-01-12 23:45:00+00:00,3265.7,0.0,0.314082,2025-01-13 00:00:00+00:00,3264.3937,3.830188,12503.24,3272.9364,3272.9364,0,2025-01-13 00:15:00+00:00,3281.5331,STOP_LOSS,1,-65.65,6.2516,6.2844,20.084,-78.18,-2.389
135,BTCUSDT,SHORT,futures,STRICT_SUPPORT,2025-01-13 02:15:00+00:00,94602.3639,94556.2553,435.1127,2025-01-13 02:15:00+00:00,94272.7,2025-01-13 04:00:00+00:00,94449.7,0.0,11.055309,2025-01-13 04:15:00+00:00,94411.9201,0.116516,11000.5,94689.3864,94689.3864,0,2025-01-13 04:30:00+00:00,94871.7096,STOP_LOSS,1,-53.57,5.5002,5.527,17.6651,-64.6,-1.998
136,ETHUSDT,SHORT,futures,STRICT_SUPPORT,2025-01-20 17:30:00+00:00,3333.3286,3324.1504,61.5552,2025-01-20 17:30:00+00:00,3229.78,2025-01-20 17:45:00+00:00,3292.95,0.0,4.150379,2025-01-20 18:00:00+00:00,3291.6328,0.592634,1950.73,3345.6396,3345.6396,0,2025-01-20 19:15:00+00:00,3349.6544,STOP_LOSS,5,-34.39,0.9754,0.9926,3.1624,-36.35,-1.136
137,ETHUSDT,SHORT,futures,STRICT_SUPPORT,2025-01-23 19:00:00+00:00,3245.9433,3238.3369,19.7137,2025-01-23 19:00:00+00:00,3230.04,2025-01-23 20:00:00+00:00,3223.35,0.0,0.936925,2025-01-23 20:15:00+00:00,3222.0707,1.144134,3686.48,3249.886,3249.886,0,2025-01-23 20:30:00+00:00,3286.1487,STOP_LOSS,1,-73.31,1.8432,1.8799,5.9863,-77.04,-2.421
138,BTCUSDT,SHORT,futures,STRICT_SUPPORT,2025-01-24 00:15:00+00:00,103971.8864,103754.8922,659.0199,2025-01-24 00:15:00+00:00,103621.7,2025-01-24 00:30:00+00:00,103589.3,0.0,15.8922,2025-01-24 00:45:00+00:00,103547.7643,0.056553,5855.94,104103.6904,103698.2369,4,2025-01-24 03:15:00+00:00,103822.6748,TRAILING_STOP,10,-15.55,2.928,2.9357,9.3882,-21.41,-0.681
139,BNBUSDT,SHORT,futures,STRICT_SUPPORT,2025-01-24 01:30:00+00:00,688.2159,687.3109,2.0727,2025-01-24 01:30:00+00:00,686.9,2025-01-24 01:45:00+00:00,685.16,0.0,0.140881,2025-01-24 02:00:00+00:00,684.8859,8.41796,5765.34,688.6304,683.796,2,2025-01-24 03:30:00+00:00,684.6166,TRAILING_STOP,6,2.27,2.8827,2.8815,9.2218,-3.5,-0.111
140,SOLUSDT,SHORT,futures,STRICT_SUPPORT,2025-01-26 10:45:00+00:00,256.4154,255.8722,1.3261,2025-01-26 10:45:00+00:00,253.55,2025-01-26 12:00:00+00:00,254.46,0.0,0.082152,2025-01-26 12:15:00+00:00,254.3482,13.425795,3414.83,256.6807,256.6807,0,2025-01-26 12:45:00+00:00,256.9887,STOP_LOSS,2,-35.45,1.7074,1.7251,5.5063,-38.88,-1.242
141,SOLUSDT,SHORT,futures,STRICT_SUPPORT,2025-01-26 14:00:00+00:00,255.9439,255.4441,1.2002,2025-01-26 14:00:00+00:00,254.56,2025-01-26 14:45:00+00:00,254.94,0.0,0.084091,2025-01-26 15:00:00+00:00,254.848,23.295935,5936.92,256.1839,256.1839,0,2025-01-26 17:00:00+00:00,256.4913,STOP_LOSS,8,-38.28,2.9685,2.9876,9.545,-44.24,-1.422
142,SOLUSDT,SHORT,futures,STRICT_SUPPORT,2025-01-28 14:30:00+00:00,237.0463,236.6382,1.9766,2025-01-28 14:30:00+00:00,234.87,2025-01-28 14:45:00+00:00,235.53,0.0,0.148238,2025-01-28 15:00:00+00:00,235.4458,15.481953,3645.16,237.4417,237.4417,0,2025-01-28 15:15:00+00:00,237.7266,STOP_LOSS,1,-35.31,1.8226,1.8402,5.8746,-38.97,-1.261
143,SOLUSDT,SHORT,futures,STRICT_SUPPORT,2025-01-28 16:00:00+00:00,236.9983,236.6597,2.3639,2025-01-28 16:00:00+00:00,235.14,2025-01-28 16:30:00+00:00,234.99,0.0,0.129681,2025-01-28 16:45:00+00:00,234.886,11.877767,2789.92,237.4711,228.4896,18,2025-01-29 00:00:00+00:00,228.7637,TRAILING_STOP,29,72.72,1.395,1.3586,4.3766,69.97,2.279
144,BTCUSDT,SHORT,futures,STRICT_SUPPORT,2025-01-29 14:00:00+00:00,102255.4144,102171.8738,312.2177,2025-01-29 14:00:00+00:00,102011.1,2025-01-29 14:15:00+00:00,102119.3,0.0,26.873837,2025-01-29 14:30:00+00:00,102078.5522,0.121695,12422.44,102317.8579,102287.8218,1,2025-01-29 15:00:00+00:00,102410.5672,TRAILING_STOP,2,-40.4,6.2112,6.2314,19.9244,-52.85,-1.815
145,BTCUSDT,SHORT,futures,STRICT_SUPPORT,2025-01-29 15:15:00+00:00,102218.273,102162.089,416.3571,2025-01-29 15:15:00+00:00,101936.2,2025-01-29 16:45:00+00:00,102057.4,0.0,32.189026,2025-01-29 17:00:00+00:00,102016.4771,0.108016,11019.42,102301.5444,102301.5444,0,2025-01-29 17:15:00+00:00,102424.3063,STOP_LOSS,1,-44.05,5.5097,5.5317,17.6839,-55.09,-1.789
146,ETHUSDT,SHORT,futures,STRICT_SUPPORT,2025-01-29 23:30:00+00:00,3128.3847,3122.8964,22.7354,2025-01-29 23:30:00+00:00,3119.67,2025-01-29 23:45:00+00:00,3112.55,0.0,1.926381,2025-01-30 00:00:00+00:00,3111.295,1.410393,4388.15,3132.9318,3128.0981,2,2025-01-30 01:00:00+00:00,3131.8519,TRAILING_STOP,4,-28.99,2.1941,2.2086,7.0558,-33.4,-1.094
147,BNBUSDT,SHORT,futures,STRICT_SUPPORT,2025-02-06 16:45:00+00:00,578.2671,576.9949,4.4243,2025-02-06 16:45:00+00:00,574.66,2025-02-06 17:00:00+00:00,573.85,0.0,0.094895,2025-02-06 17:15:00+00:00,573.6205,5.486618,3147.24,579.152,579.152,0,2025-02-06 17:30:00+00:00,579.847,STOP_LOSS,1,-34.16,1.5736,1.5907,5.0766,-37.33,-1.23
148,ETHUSDT,SHORT,futures,STRICT_SUPPORT,2025-02-09 14:15:00+00:00,2649.7966,2646.1797,12.4161,2025-02-09 14:15:00+00:00,2625.53,2025-02-09 15:00:00+00:00,2637.79,0.0,1.179663,2025-02-09 15:15:00+00:00,2636.7249,1.939116,5112.92,2652.2798,2652.2798,0,2025-02-09 15:30:00+00:00,2655.4625,STOP_LOSS,1,-36.33,2.5565,2.5746,8.2243,-41.47,-1.375
149,ETHUSDT,SHORT,futures,STRICT_SUPPORT,2025-02-11 14:30:00+00:00,2685.6158,2677.7475,16.1602,2025-02-11 14:30:00+00:00,2659.73,2025-02-11 15:00:00+00:00,2654.72,0.0,1.467547,2025-02-11 15:15:00+00:00,2653.6581,0.851255,2258.94,2688.8479,2613.9586,8,2025-02-11 21:15:00+00:00,2617.0954,TRAILING_STOP,24,31.12,1.1295,1.1139,3.577,28.88,0.964
150,BNBUSDT,SHORT,futures,STRICT_SUPPORT,2025-02-15 22:30:00+00:00,662.5373,662.0407,2.2302,2025-02-15 22:30:00+00:00,661.38,2025-02-15 22:45:00+00:00,661.33,0.0,0.090731,2025-02-15 23:00:00+00:00,661.0955,15.943387,10540.1,662.9834,662.9834,0,2025-02-15 23:30:00+00:00,663.7789,STOP_LOSS,2,-42.78,5.2701,5.2914,16.9155,-53.35,-1.772
151,BNBUSDT,SHORT,futures,STRICT_SUPPORT,2025-02-17 16:45:00+00:00,672.2528,671.4046,3.9531,2025-02-17 16:45:00+00:00,668.12,2025-02-17 17:15:00+00:00,665.05,0.0,0.164556,2025-02-17 17:30:00+00:00,664.8839,3.656234,2430.97,673.0434,673.0434,0,2025-02-18 01:30:00+00:00,664.5857,TIME_EXIT_8H,32,1.09,1.2155,1.2149,1.9443,-1.34,-0.045
152,BNBUSDT,SHORT,futures,STRICT_SUPPORT,2025-02-19 19:15:00+00:00,653.571,652.7036,3.4072,2025-02-19 19:15:00+00:00,651.65,2025-02-19 20:00:00+00:00,651.97,0.0,0.033594,2025-02-19 20:15:00+00:00,651.6992,11.681809,7613.03,654.2524,654.2524,0,2025-02-19 22:15:00+00:00,655.0375,STOP_LOSS,8,-39.0,3.8065,3.826,12.2276,-46.63,-1.563
153,BNBUSDT,SHORT,futures,STRICT_SUPPORT,2025-02-20 01:15:00+00:00,652.4034,652.1907,3.4278,2025-02-20 01:15:00+00:00,651.66,2025-02-20 01:30:00+00:00,650.01,0.0,0.280698,2025-02-20 01:45:00+00:00,649.76,8.889396,5775.97,653.089,653.089,0,2025-02-20 02:45:00+00:00,653.8727,STOP_LOSS,4,-36.56,2.888,2.9063,9.2854,-42.35,-1.431
154,BNBUSDT,SHORT,futures,STRICT_SUPPORT,2025-02-20 02:15:00+00:00,652.2026,651.6616,2.9944,2025-02-20 02:15:00+00:00,651.28,2025-02-20 02:30:00+00:00,649.92,0.0,0.211574,2025-02-20 02:45:00+00:00,649.67,9.382507,6095.53,652.8015,652.8015,0,2025-02-20 03:00:00+00:00,653.6334,STOP_LOSS,1,-37.19,3.0478,3.0664,9.7975,-43.3,-1.474
155,BNBUSDT,SHORT,futures,STRICT_SUPPORT,2025-02-21 03:30:00+00:00,653.0602,652.4547,1.5299,2025-02-21 03:30:00+00:00,651.42,2025-02-21 05:00:00+00:00,651.61,0.0,0.094667,2025-02-21 05:15:00+00:00,651.3494,14.460228,9418.66,653.3662,653.3662,0,2025-02-21 06:45:00+00:00,654.1503,STOP_LOSS,6,-40.5,4.7093,4.7296,15.1185,-49.94,-1.712
156,SOLUSDT,SHORT,futures,STRICT_SUPPORT,2025-02-27 16:15:00+00:00,139.3108,139.0461,1.4653,2025-02-27 16:15:00+00:00,138.87,2025-02-27 16:30:00+00:00,137.9,0.0,0.046065,2025-02-27 16:45:00+00:00,137.8448,16.437802,2265.87,139.6039,139.6039,0,2025-02-27 18:15:00+00:00,139.7714,STOP_LOSS,6,-31.67,1.1329,1.1488,3.6634,-33.95,-1.174
157,SOLUSDT,SHORT,futures,STRICT_SUPPORT,2025-03-05 05:15:00+00:00,142.8417,142.3733,1.1741,2025-03-05 05:15:00+00:00,142.06,2025-03-05 05:30:00+00:00,141.54,0.0,0.033281,2025-03-05 05:45:00+00:00,141.4834,18.042324,2552.69,143.0766,143.0766,0,2025-03-05 06:45:00+00:00,143.2483,STOP_LOSS,4,-31.84,1.2763,1.2923,4.1225,-34.41,-1.197
158,ETHUSDT,SHORT,futures,STRICT_SUPPORT,2025-03-12 01:00:00+00:00,1925.7518,1923.0518,11.2868,2025-03-12 01:00:00+00:00,1914.71,2025-03-12 01:15:00+00:00,1917.89,0.0,0.861799,2025-03-12 01:30:00+00:00,1917.1228,2.624663,5031.8,1928.0091,1928.0091,0,2025-03-12 01:45:00+00:00,1930.3227,STOP_LOSS,1,-34.65,2.5159,2.5332,8.0925,-39.69,-1.389
159,ETHUSDT,SHORT,futures,STRICT_SUPPORT,2025-03-12 13:30:00+00:00,1908.7691,1904.748,19.1523,2025-03-12 13:30:00+00:00,1899.94,2025-03-12 13:45:00+00:00,1886.39,0.0,0.087976,2025-03-12 14:00:00+00:00,1885.6254,1.051909,1983.51,1912.5995,1867.9393,5,2025-03-12 15:45:00+00:00,1870.1808,TRAILING_STOP,7,16.25,0.9918,0.9836,3.1541,14.27,0.503
160,ETHUSDT,SHORT,futures,STRICT_SUPPORT,2025-03-13 02:45:00+00:00,1899.0382,1895.0682,10.8569,2025-03-13 02:45:00+00:00,1889.06,2025-03-13 03:00:00+00:00,1893.32,0.0,0.758181,2025-03-13 03:15:00+00:00,1892.5527,3.285904,6218.75,1901.2096,1874.4973,13,2025-03-13 07:15:00+00:00,1876.7467,TRAILING_STOP,16,51.94,3.1094,3.0834,9.8877,45.74,1.608
161,SOLUSDT,SHORT,futures,STRICT_SUPPORT,2025-03-17 23:00:00+00:00,128.7791,128.551,0.5945,2025-03-17 23:00:00+00:00,128.44,2025-03-17 23:15:00+00:00,127.84,0.0,0.011009,2025-03-17 23:30:00+00:00,127.7889,25.854131,3303.87,128.8979,124.5909,23,2025-03-18 07:00:00+00:00,124.7404,TRAILING_STOP,30,78.82,1.6519,1.6125,5.1916,75.55,2.635
162,BNBUSDT,SHORT,futures,STRICT_SUPPORT,2025-03-24 00:45:00+00:00,623.1728,622.5779,2.1066,2025-03-24 00:45:00+00:00,622.28,2025-03-24 01:00:00+00:00,621.67,0.0,0.127898,2025-03-24 01:15:00+00:00,621.4313,13.431981,8347.05,623.5942,621.0857,5,2025-03-24 03:00:00+00:00,621.831,TRAILING_STOP,7,-5.37,4.1735,4.1762,13.3617,-13.72,-0.472
163,BTCUSDT,SHORT,futures,STRICT_SUPPORT,2025-03-30 12:30:00+00:00,83133.4255,83065.1963,196.0459,2025-03-30 12:30:00+00:00,83003.5,2025-03-30 12:45:00+00:00,83037.3,0.0,15.196283,2025-03-30 13:00:00+00:00,83003.9851,0.139668,11593.0,83172.6347,82963.6743,1,2025-03-30 14:45:00+00:00,83063.2308,TRAILING_STOP,7,-8.27,5.7965,5.8006,18.5587,-19.87,-0.844
164,BTCUSDT,SHORT,futures,STRICT_SUPPORT,2025-03-30 13:30:00+00:00,83099.123,83049.9814,216.1372,2025-03-30 13:30:00+00:00,82925.7,2025-03-30 15:15:00+00:00,82798.7,0.0,18.88144,2025-03-30 15:30:00+00:00,82765.5805,0.07666,6344.8,83142.3504,82513.0279,3,2025-03-30 17:15:00+00:00,82612.0435,TRAILING_STOP,7,11.77,3.1724,3.1665,10.1376,5.43,0.188
165,SOLUSDT,SHORT,futures,STRICT_SUPPORT,2025-03-30 21:30:00+00:00,125.4361,125.2192,0.6312,2025-03-30 21:30:00+00:00,125.15,2025-03-30 21:45:00+00:00,124.65,0.0,0.059182,2025-03-30 22:00:00+00:00,124.6001,30.048112,3744.0,125.5623,124.7045,1,2025-03-30 22:30:00+00:00,124.8542,TRAILING_STOP,2,-7.63,1.872,1.8758,5.9996,-11.38,-0.394
166,SOLUSDT,SHORT,futures,STRICT_SUPPORT,2025-03-30 22:45:00+00:00,125.3571,125.1009,0.9115,2025-03-30 22:45:00+00:00,124.98,2025-03-30 23:00:00+00:00,124.55,0.0,0.050863,2025-03-30 23:15:00+00:00,124.4902,27.501918,3423.72,125.5394,124.4961,1,2025-03-31 01:00:00+00:00,124.6455,TRAILING_STOP,7,-4.27,1.7119,1.714,5.4831,-7.7,-0.267
167,SOLUSDT,SHORT,futures,STRICT_SUPPORT,2025-03-31 08:45:00+00:00,125.7475,125.4407,0.7945,2025-03-31 08:45:00+00:00,125.32,2025-03-31 09:00:00+00:00,124.22,0.0,0.040744,2025-03-31 09:15:00+00:00,124.1703,16.596657,2060.81,125.9063,125.9063,0,2025-03-31 12:45:00+00:00,126.0574,STOP_LOSS,14,-31.32,1.0304,1.0461,3.3349,-33.4,-1.159
168,SOLUSDT,SHORT,futures,STRICT_SUPPORT,2025-03-31 22:00:00+00:00,125.6007,125.4202,0.6594,2025-03-31 22:00:00+00:00,125.16,2025-03-31 22:30:00+00:00,125.1,0.0,0.030221,2025-03-31 22:45:00+00:00,125.05,41.966098,5247.86,125.7325,125.7325,0,2025-03-31 23:15:00+00:00,125.8834,STOP_LOSS,2,-34.98,2.6239,2.6414,8.4385,-40.24,-1.405
169,SOLUSDT,SHORT,futures,STRICT_SUPPORT,2025-04-01 21:45:00+00:00,126.8992,126.6205,0.6833,2025-04-01 21:45:00+00:00,126.25,2025-04-01 22:00:00+00:00,126.48,0.0,0.00053,2025-04-01 22:15:00+00:00,126.4294,46.901569,5929.74,127.0359,127.0359,0,2025-04-01 22:45:00+00:00,127.1883,STOP_LOSS,2,-35.59,2.9649,2.9827,9.5303,-41.54,-1.46
170,BNBUSDT,SHORT,futures,STRICT_SUPPORT,2025-04-02 01:15:00+00:00,609.6313,609.0417,1.5663,2025-04-02 01:15:00+00:00,606.35,2025-04-02 01:30:00+00:00,607.89,0.0,0.051658,2025-04-02 01:45:00+00:00,607.6568,12.342427,7499.96,609.9446,600.0028,15,2025-04-02 06:30:00+00:00,600.7228,TRAILING_STOP,19,85.58,3.75,3.7072,11.8972,78.13,2.767
171,BNBUSDT,SHORT,futures,STRICT_SUPPORT,2025-04-03 08:00:00+00:00,602.1729,601.3544,2.4223,2025-04-03 08:00:00+00:00,599.51,2025-04-03 08:15:00+00:00,596.63,0.0,0.04435,2025-04-03 08:30:00+00:00,596.3814,4.561329,2720.29,602.6574,590.383,4,2025-04-03 13:30:00+00:00,591.0915,TRAILING_STOP,20,24.13,1.3601,1.3481,4.3235,21.42,0.748
172,BNBUSDT,SHORT,futures,STRICT_SUPPORT,2025-04-04 11:30:00+00:00,593.6412,592.9268,2.8549,2025-04-04 11:30:00+00:00,585.51,2025-04-04 13:00:00+00:00,590.62,0.0,0.186805,2025-04-04 13:15:00+00:00,590.3937,7.525104,4442.77,594.2122,594.2122,0,2025-04-04 15:00:00+00:00,594.9252,STOP_LOSS,7,-34.1,2.2214,2.2384,7.1494,-38.56,-1.342
173,BTCUSDT,SHORT,futures,STRICT_SUPPORT,2025-04-04 14:15:00+00:00,83023.673,82865.6549,689.9768,2025-04-04 14:15:00+00:00,82638.1,2025-04-04 14:30:00+00:00,82243.3,0.0,35.054944,2025-04-04 14:45:00+00:00,82210.3027,0.030136,2477.51,83161.6683,83161.6683,0,2025-04-04 15:00:00+00:00,83261.4623,STOP_LOSS,1,-31.68,1.2388,1.2546,4.002,-34.17,-1.192
174,BNBUSDT,SHORT,futures,STRICT_SUPPORT,2025-04-09 12:00:00+00:00,554.412,553.5106,3.1463,2025-04-09 12:00:00+00:00,552.26,2025-04-09 12:15:00+00:00,550.67,0.0,0.270554,2025-04-09 12:30:00+00:00,550.4297,6.152039,3386.27,555.0413,555.0413,0,2025-04-09 12:45:00+00:00,555.7074,STOP_LOSS,1,-32.47,1.6931,1.7094,5.457,-35.87,-1.264
175,BTCUSDT,SHORT,futures,STRICT_SUPPORT,2025-04-14 16:00:00+00:00,84610.2671,84509.682,563.912,2025-04-14 16:00:00+00:00,84044.0,2025-04-14 16:15:00+00:00,84178.8,0.0,29.882025,2025-04-14 16:30:00+00:00,84145.1285,0.04878,4104.63,84723.0495,84723.0495,0,2025-04-14 17:45:00+00:00,84824.7172,STOP_LOSS,5,-33.15,2.0523,2.0689,6.6072,-37.27,-1.322
176,BTCUSDT,SHORT,futures,STRICT_SUPPORT,2025-04-16 18:30:00+00:00,84357.7076,84178.1902,651.9295,2025-04-16 18:30:00+00:00,83699.9,2025-04-16 18:45:00+00:00,83990.4,0.0,59.590185,2025-04-16 19:00:00+00:00,83956.9038,0.052721,4426.29,84488.0935,84488.0935,0,2025-04-16 20:15:00+00:00,84589.4792,STOP_LOSS,5,-33.35,2.2131,2.2298,7.1221,-37.79,-1.35
177,BTCUSDT,SHORT,futures,STRICT_SUPPORT,2025-04-17 02:00:00+00:00,84221.1964,84204.6494,198.7812,2025-04-17 02:00:00+00:00,84103.2,2025-04-17 02:30:00+00:00,84070.1,0.0,5.249367,2025-04-17 02:45:00+00:00,84036.472,0.123912,10413.13,84260.9526,84260.9526,0,2025-04-17 03:00:00+00:00,84362.0657,STOP_LOSS,1,-40.34,5.2066,5.2267,16.7094,-50.78,-1.826
178,BNBUSDT,SHORT,futures,STRICT_SUPPORT,2025-04-17 05:45:00+00:00,582.6124,582.3833,0.9016,2025-04-17 05:45:00+00:00,582.16,2025-04-17 06:00:00+00:00,581.75,0.0,0.05333,2025-04-17 06:15:00+00:00,581.5273,18.958332,11024.79,582.7928,582.7928,0,2025-04-17 06:30:00+00:00,583.6295,STOP_LOSS,1,-39.85,5.5124,5.5323,17.6875,-50.9,-2.122
179,ETHUSDT,SHORT,futures,STRICT_SUPPORT,2025-04-25 02:45:00+00:00,1763.5463,1762.0812,10.0911,2025-04-25 02:45:00+00:00,1743.79,2025-04-25 03:45:00+00:00,1760.0,0.0,0.58119,2025-04-25 04:00:00+00:00,1759.296,4.356259,7663.95,1765.5646,1765.5646,0,2025-04-25 04:15:00+00:00,1767.8289,STOP_LOSS,1,-37.17,3.832,3.8506,12.3069,-44.85,-1.643
180,BTCUSDT,SHORT,futures,STRICT_SUPPORT,2025-04-29 05:45:00+00:00,94547.8622,94463.1657,223.9324,2025-04-29 05:45:00+00:00,94238.3,2025-04-29 06:00:00+00:00,94430.5,0.0,20.565668,2025-04-29 06:15:00+00:00,94392.7278,0.114768,10833.28,94592.6486,94592.6486,0,2025-04-29 06:30:00+00:00,94706.1598,STOP_LOSS,1,-35.97,5.4166,5.4346,17.3764,-46.82,-2.041
181,ETHUSDT,SHORT,futures,STRICT_SUPPORT,2025-04-30 07:15:00+00:00,1806.0742,1804.0262,4.7132,2025-04-30 07:15:00+00:00,1803.49,2025-04-30 07:30:00+00:00,1796.85,0.0,0.106186,2025-04-30 07:45:00+00:00,1796.1213,2.464213,4426.03,1807.0169,1807.0169,0,2025-04-30 09:30:00+00:00,1809.1853,STOP_LOSS,7,-32.19,2.213,2.2291,7.1203,-36.63,-1.364
182,BNBUSDT,SHORT,futures,STRICT_SUPPORT,2025-04-30 08:00:00+00:00,602.7808,602.4428,1.0484,2025-04-30 08:00:00+00:00,602.1,2025-04-30 08:15:00+00:00,601.39,0.0,0.032826,2025-04-30 08:30:00+00:00,601.1494,14.568338,8757.75,602.9904,595.5297,7,2025-04-30 14:15:00+00:00,596.2443,TRAILING_STOP,23,71.46,4.3789,4.3431,13.9266,62.74,2.339
183,BTCUSDT,SHORT,futures,STRICT_SUPPORT,2025-04-30 22:30:00+00:00,94415.9021,94312.0989,242.4233,2025-04-30 22:30:00+00:00,94222.3,2025-05-01 00:00:00+00:00,94223.6,0.0,12.798872,2025-05-01 00:15:00+00:00,94186.0105,0.096918,9128.37,94464.3867,94464.3867,0,2025-05-01 01:00:00+00:00,94577.744,STOP_LOSS,3,-37.97,4.5642,4.5832,14.6509,-47.11,-1.746
184,ETHUSDT,SHORT,futures,STRICT_SUPPORT,2025-05-03 16:30:00+00:00,1832.1181,1830.7002,4.2452,2025-05-03 16:30:00+00:00,1826.91,2025-05-03 18:15:00+00:00,1827.74,0.0,0.260208,2025-05-03 18:30:00+00:00,1826.9989,4.481087,8186.94,1832.9672,1832.9672,0,2025-05-03 19:15:00+00:00,1835.1667,STOP_LOSS,3,-36.6,4.0935,4.1118,13.143,-44.81,-1.675
185,BTCUSDT,SHORT,futures,STRICT_SUPPORT,2025-05-06 02:00:00+00:00,94551.8867,94489.8223,223.6297,2025-05-06 02:00:00+00:00,94203.1,2025-05-06 03:45:00+00:00,94418.3,0.0,15.92228,2025-05-06 04:00:00+00:00,94380.6326,0.112397,10608.08,94596.6127,94596.6127,0,2025-05-06 07:00:00+00:00,94710.1286,STOP_LOSS,12,-37.03,5.304,5.3226,17.0174,-47.66,-1.963
186,BTCUSDT,SHORT,futures,STRICT_SUPPORT,2025-05-14 17:00:00+00:00,103606.385,103454.2526,327.0512,2025-05-14 17:00:00+00:00,103093.7,2025-05-14 18:15:00+00:00,103199.8,0.0,12.75261,2025-05-14 18:30:00+00:00,103158.62,0.051214,5283.19,103671.7953,103671.7953,0,2025-05-14 19:15:00+00:00,103796.2014,STOP_LOSS,3,-32.65,2.6416,2.6579,8.4923,-37.95,-1.444
187,SOLUSDT,SHORT,futures,STRICT_SUPPORT,2025-05-16 18:00:00+00:00,171.914,171.5014,1.1868,2025-05-16 18:00:00+00:00,170.89,2025-05-16 19:45:00+00:00,171.32,0.0,0.041354,2025-05-16 20:00:00+00:00,171.2415,28.677951,4910.85,172.1513,168.3067,11,2025-05-16 23:00:00+00:00,168.5086,TRAILING_STOP,12,78.37,2.4554,2.4162,7.7633,73.5,2.817
188,BNBUSDT,SHORT,futures,STRICT_SUPPORT,2025-05-18 20:00:00+00:00,646.2329,645.2092,3.1915,2025-05-18 20:00:00+00:00,634.66,2025-05-18 21:30:00+00:00,644.4,0.0,0.279214,2025-05-18 21:45:00+00:00,644.1422,9.696019,6245.62,646.8712,645.4426,1,2025-05-18 22:30:00+00:00,646.2171,TRAILING_STOP,3,-20.12,3.1228,3.1329,10.0171,-26.37,-0.997
189,SOLUSDT,SHORT,futures,STRICT_SUPPORT,2025-05-29 05:15:00+00:00,172.7465,172.3427,0.9589,2025-05-29 05:15:00+00:00,172.03,2025-05-29 05:30:00+00:00,172.32,0.0,0.012734,2025-05-29 05:45:00+00:00,172.2511,38.313557,6599.55,172.9382,172.8396,2,2025-05-29 08:30:00+00:00,173.047,TRAILING_STOP,11,-30.5,3.2998,3.315,10.5959,-37.11,-1.41
190,BTCUSDT,SHORT,futures,STRICT_SUPPORT,2025-06-05 15:30:00+00:00,104885.2779,104769.0893,419.1273,2025-06-05 15:30:00+00:00,104703.8,2025-06-05 15:45:00+00:00,104490.5,0.0,25.489269,2025-06-05 16:00:00+00:00,104448.7038,0.05024,5247.5,104969.1034,101563.4167,15,2025-06-05 21:30:00+00:00,101685.2928,TRAILING_STOP,22,138.83,2.6237,2.5543,8.2294,133.66,5.112
191,ETHUSDT,SHORT,futures,STRICT_SUPPORT,2025-06-06 22:00:00+00:00,2494.0831,2489.6493,9.515,2025-06-06 22:00:00+00:00,2486.11,2025-06-06 22:15:00+00:00,2487.68,0.0,0.799323,2025-06-06 22:30:00+00:00,2486.6849,2.882758,7168.51,2495.9861,2475.1879,8,2025-06-07 00:45:00+00:00,2478.1581,TRAILING_STOP,9,24.58,3.5843,3.572,11.4401,17.42,0.65
192,BNBUSDT,SHORT,futures,STRICT_SUPPORT,2025-06-11 22:00:00+00:00,667.9708,667.072,2.1146,2025-06-11 22:00:00+00:00,665.37,2025-06-11 23:00:00+00:00,666.36,0.0,0.122022,2025-06-11 23:15:00+00:00,666.1035,11.746906,7824.65,668.3937,668.3937,0,2025-06-12 00:15:00+00:00,669.1958,STOP_LOSS,4,-36.33,3.9123,3.9305,12.563,-44.17,-1.642
193,BTCUSDT,SHORT,futures,STRICT_SUPPORT,2025-06-14 03:30:00+00:00,105441.7062,105378.0845,171.7892,2025-06-14 03:30:00+00:00,105270.1,2025-06-14 05:00:00+00:00,105239.4,0.0,3.184462,2025-06-14 05:15:00+00:00,105197.4042,0.095753,10072.96,105476.064,105017.1789,2,2025-06-14 07:30:00+00:00,105143.1995,TRAILING_STOP,9,5.19,5.0365,5.0339,16.1105,-4.88,-0.183
194,ETHUSDT,SHORT,futures,STRICT_SUPPORT,2025-06-20 04:15:00+00:00,2517.8854,2516.2596,6.6809,2025-06-20 04:15:00+00:00,2510.72,2025-06-20 05:45:00+00:00,2514.69,0.0,0.62963,2025-06-20 06:00:00+00:00,2513.6741,4.242091,10663.23,2519.2216,2519.2216,0,2025-06-20 06:15:00+00:00,2522.5835,STOP_LOSS,1,-37.79,5.3316,5.3505,17.1065,-48.48,-2.06
195,SOLUSDT,SHORT,futures,STRICT_SUPPORT,2025-06-20 04:45:00+00:00,145.721,145.6898,0.5393,2025-06-20 04:45:00+00:00,144.43,2025-06-20 06:00:00+00:00,145.08,0.0,0.049756,2025-06-20 06:15:00+00:00,145.012,32.335702,4689.06,145.8289,145.8289,0,2025-06-20 07:15:00+00:00,146.0039,STOP_LOSS,4,-32.07,2.3445,2.3606,7.541,-36.78,-1.392
196,ETHUSDT,SHORT,futures,STRICT_SUPPORT,2025-06-28 13:15:00+00:00,2424.7352,2423.5451,3.4926,2025-06-28 13:15:00+00:00,2423.17,2025-06-28 13:30:00+00:00,2421.44,0.0,0.125068,2025-06-28 13:45:00+00:00,2420.4714,4.334992,10492.72,2425.4337,2425.4337,0,2025-06-28 14:15:00+00:00,2428.3442,STOP_LOSS,2,-34.13,5.2464,5.2634,16.8293,-44.64,-2.075
197,ETHUSDT,SHORT,futures,STRICT_SUPPORT,2025-07-06 09:30:00+00:00,2514.1733,2513.4778,3.9927,2025-07-06 09:30:00+00:00,2513.27,2025-07-06 09:45:00+00:00,2506.12,0.0,0.207766,2025-07-06 10:00:00+00:00,2505.1275,2.642006,6618.56,2514.9718,2514.9718,0,2025-07-06 11:45:00+00:00,2517.9898,STOP_LOSS,7,-33.98,3.3093,3.3263,10.6305,-40.62,-1.562
198,SOLUSDT,SHORT,futures,STRICT_SUPPORT,2025-07-19 14:45:00+00:00,176.9809,176.6234,0.9723,2025-07-19 14:45:00+00:00,175.0,2025-07-19 15:15:00+00:00,176.52,0.0,0.043423,2025-07-19 15:30:00+00:00,176.4494,35.548162,6272.45,177.1753,177.1753,0,2025-07-19 15:45:00+00:00,177.6529,STOP_LOSS,1,-42.78,3.1362,3.1576,10.0873,-49.08,-1.902
199,SOLUSDT,SHORT,futures,STRICT_SUPPORT,2025-07-19 21:30:00+00:00,176.974,176.8282,0.9914,2025-07-19 21:30:00+00:00,175.2,2025-07-19 23:00:00+00:00,176.65,0.0,0.078207,2025-07-19 23:15:00+00:00,176.5793,43.110463,7612.42,177.1722,177.1722,0,2025-07-20 00:15:00+00:00,177.3848,STOP_LOSS,4,-34.73,3.8062,3.8236,12.2215,-42.36,-1.657
200,BNBUSDT,SHORT,futures,STRICT_SUPPORT,2025-07-25 14:45:00+00:00,769.4973,768.7333,4.2044,2025-07-25 14:45:00+00:00,761.52,2025-07-25 15:15:00+00:00,766.86,0.0,0.313261,2025-07-25 15:30:00+00:00,766.5533,6.698163,5134.5,770.3382,770.3382,0,2025-07-25 16:45:00+00:00,771.2626,STOP_LOSS,5,-31.54,2.5672,2.583,8.2531,-36.69,-1.447
201,SOLUSDT,SHORT,futures,STRICT_SUPPORT,2025-07-27 14:00:00+00:00,186.7165,186.4859,0.76,2025-07-27 14:00:00+00:00,185.92,2025-07-27 14:15:00+00:00,185.94,0.0,0.03588,2025-07-27 14:30:00+00:00,185.8656,25.097211,4664.71,186.8685,186.4033,2,2025-07-27 15:45:00+00:00,186.627,TRAILING_STOP,5,-19.11,2.3324,2.3419,7.4865,-23.78,-0.945
202,ETHUSDT,SHORT,futures,STRICT_SUPPORT,2025-07-30 18:45:00+00:00,3792.2305,3788.2312,28.3806,2025-07-30 18:45:00+00:00,3736.4,2025-07-30 20:15:00+00:00,3767.27,0.0,1.791224,2025-07-30 20:30:00+00:00,3765.7631,0.779325,2934.75,3797.9066,3797.9066,0,2025-07-30 23:30:00+00:00,3802.4641,STOP_LOSS,12,-28.6,1.4674,1.4817,4.7299,-31.55,-1.26
203,BTCUSDT,SHORT,futures,STRICT_SUPPORT,2025-07-31 15:00:00+00:00,118267.7417,118155.3209,326.4131,2025-07-31 15:00:00+00:00,117981.9,2025-07-31 15:15:00+00:00,117997.8,0.0,5.32095,2025-07-31 15:30:00+00:00,117950.7008,0.065108,7679.59,118333.0244,118333.0244,0,2025-07-31 16:00:00+00:00,118475.024,STOP_LOSS,2,-34.14,3.8398,3.8569,12.3283,-41.83,-1.681
204,BNBUSDT,SHORT,futures,STRICT_SUPPORT,2025-08-11 21:45:00+00:00,807.3644,806.3524,3.9343,2025-08-11 21:45:00+00:00,803.11,2025-08-11 23:00:00+00:00,805.95,0.0,0.392397,2025-08-11 23:15:00+00:00,805.6276,9.782405,7880.98,808.1513,808.1513,0,2025-08-11 23:30:00+00:00,809.121,STOP_LOSS,1,-34.17,3.9405,3.9576,12.6506,-42.07,-1.704
205,BNBUSDT,SHORT,futures,STRICT_SUPPORT,2025-08-14 13:30:00+00:00,854.0842,850.9129,10.0408,2025-08-14 13:30:00+00:00,837.96,2025-08-14 14:15:00+00:00,850.36,0.0,0.02289,2025-08-14 14:30:00+00:00,850.0199,4.03073,3426.2,856.0924,856.0924,0,2025-08-14 14:45:00+00:00,857.1197,STOP_LOSS,1,-28.62,1.7131,1.7274,5.5163,-32.06,-1.31
206,ETHUSDT,SHORT,futures,STRICT_SUPPORT,2025-08-20 13:00:00+00:00,4197.1328,4186.9151,26.4179,2025-08-20 13:00:00+00:00,4169.01,2025-08-20 13:15:00+00:00,4186.42,0.0,0.035115,2025-08-20 13:30:00+00:00,4184.7554,1.37685,5761.78,4202.4164,4179.24,3,2025-08-20 14:30:00+00:00,4184.2551,TRAILING_STOP,4,0.69,2.8809,2.8805,9.218,-5.07,-0.209
207,SOLUSDT,SHORT,futures,STRICT_SUPPORT,2025-08-31 13:30:00+00:00,203.4687,203.2709,0.981,2025-08-31 13:30:00+00:00,202.28,2025-08-31 14:30:00+00:00,203.26,0.0,0.0009,2025-08-31 14:45:00+00:00,203.1887,47.81991,9716.46,203.6649,203.6649,0,2025-08-31 15:00:00+00:00,203.9093,STOP_LOSS,1,-34.46,4.8582,4.8755,15.5877,-44.2,-1.941
208,ETHUSDT,SHORT,futures,STRICT_SUPPORT,2025-09-17 14:30:00+00:00,4501.2882,4494.1416,17.8088,2025-09-17 14:30:00+00:00,4483.99,2025-09-17 14:45:00+00:00,4488.1,0.0,0.541581,2025-09-17 15:00:00+00:00,4486.3048,1.297919,5822.86,4504.85,4504.85,0,2025-09-17 17:30:00+00:00,4510.2558,STOP_LOSS,10,-31.09,2.9114,2.927,9.3539,-36.92,-1.534
209,BNBUSDT,SHORT,futures,STRICT_SUPPORT,2025-09-25 01:15:00+00:00,1016.7601,1016.2378,3.4921,2025-09-25 01:15:00+00:00,1011.29,2025-09-25 02:30:00+00:00,1010.35,0.0,0.287846,2025-09-25 02:45:00+00:00,1009.9359,3.175308,3206.86,1017.4585,997.8318,7,2025-09-25 05:15:00+00:00,999.0291,TRAILING_STOP,10,34.63,1.6034,1.5861,5.0894,31.44,1.316
210,BTCUSDT,SHORT,futures,STRICT_SUPPORT,2025-09-25 02:30:00+00:00,113140.5269,113017.1493,313.9864,2025-09-25 02:30:00+00:00,112858.1,2025-09-25 02:45:00+00:00,112852.0,0.0,17.149332,2025-09-25 03:00:00+00:00,112806.9592,0.06043,6816.95,113203.3241,111853.6222,17,2025-09-25 08:00:00+00:00,111987.8466,TRAILING_STOP,20,49.5,3.4085,3.3837,10.8477,42.71,1.783
211,ETHUSDT,SHORT,futures,STRICT_SUPPORT,2025-09-28 03:15:00+00:00,4006.9537,4004.3654,9.8745,2025-09-28 03:15:00+00:00,4001.3,2025-09-28 04:00:00+00:00,3996.99,0.0,0.565362,2025-09-28 04:15:00+00:00,3995.3812,1.790622,7154.22,4008.9286,4008.9286,0,2025-09-28 05:15:00+00:00,4013.7393,STOP_LOSS,4,-32.87,3.5771,3.5935,11.4862,-40.04,-1.651
212,SOLUSDT,SHORT,futures,STRICT_SUPPORT,2025-09-28 05:30:00+00:00,202.0499,201.7279,0.6914,2025-09-28 05:30:00+00:00,201.45,2025-09-28 06:30:00+00:00,201.4,0.0,0.007917,2025-09-28 06:45:00+00:00,201.3194,27.692002,5574.94,202.1882,202.1882,0,2025-09-28 07:45:00+00:00,202.4308,STOP_LOSS,4,-30.78,2.7875,2.8029,8.9568,-36.37,-1.512
213,ETHUSDT,SHORT,futures,STRICT_SUPPORT,2025-10-15 13:00:00+00:00,4111.8701,4104.9769,22.4905,2025-10-15 13:00:00+00:00,4069.74,2025-10-15 14:00:00+00:00,4084.77,0.0,1.396949,2025-10-15 14:15:00+00:00,4083.1361,0.718466,2933.6,4116.3682,3990.9436,11,2025-10-15 17:45:00+00:00,3995.7327,TRAILING_STOP,14,62.8,1.4668,1.4354,4.6184,59.89,2.509
214,BNBUSDT,SHORT,futures,STRICT_SUPPORT,2025-10-18 21:00:00+00:00,1096.9709,1095.4288,5.2168,2025-10-18 21:00:00+00:00,1092.99,2025-10-18 21:30:00+00:00,1093.2,0.0,0.238821,2025-10-18 21:45:00+00:00,1092.7627,4.603611,5030.65,1098.0142,1098.0142,0,2025-10-18 22:15:00+00:00,1099.3319,STOP_LOSS,2,-30.24,2.5153,2.5304,8.0853,-35.29,-1.46
215,ETHUSDT,SHORT,futures,STRICT_SUPPORT,2025-10-19 02:00:00+00:00,3877.0736,3872.1941,10.4994,2025-10-19 02:00:00+00:00,3865.56,2025-10-19 02:15:00+00:00,3867.0,0.0,0.144098,2025-10-19 02:30:00+00:00,3865.4432,1.747924,6756.5,3879.1735,3879.1735,0,2025-10-19 03:15:00+00:00,3883.8285,STOP_LOSS,3,-32.14,3.3782,3.3943,10.849,-38.91,-1.621
216,BNBUSDT,SHORT,futures,STRICT_SUPPORT,2025-10-22 19:45:00+00:00,1073.2302,1070.9519,5.3852,2025-10-22 19:45:00+00:00,1069.32,2025-10-22 20:00:00+00:00,1068.68,0.0,0.441896,2025-10-22 20:15:00+00:00,1068.2425,3.92514,4193.0,1074.3073,1064.1988,5,2025-10-22 23:00:00+00:00,1065.4758,TRAILING_STOP,11,10.86,2.0965,2.0911,6.6958,6.67,0.28
217,ETHUSDT,SHORT,futures,STRICT_SUPPORT,2025-10-23 14:30:00+00:00,3851.1548,3847.927,23.5255,2025-10-23 14:30:00+00:00,3836.84,2025-10-23 14:45:00+00:00,3846.12,0.0,0.926974,2025-10-23 15:00:00+00:00,3844.5716,2.111764,8118.83,3855.8599,3855.8599,0,2025-10-23 15:15:00+00:00,3868.2563,STOP_LOSS,1,-50.02,4.0594,4.0844,13.0501,-58.16,-2.44
218,ETHUSDT,SHORT,futures,STRICT_SUPPORT,2025-10-23 20:45:00+00:00,3861.716,3856.4132,21.0727,2025-10-23 20:45:00+00:00,3827.57,2025-10-23 22:30:00+00:00,3845.51,0.0,1.093185,2025-10-23 22:45:00+00:00,3843.9618,1.071865,4120.21,3865.9305,3865.9305,0,2025-10-24 00:45:00+00:00,3870.5697,STOP_LOSS,8,-28.52,2.0601,2.0744,6.6266,-32.65,-1.387
219,ETHUSDT,SHORT,futures,STRICT_SUPPORT,2025-10-28 15:45:00+00:00,4124.2229,4119.9958,26.9474,2025-10-28 15:45:00+00:00,4095.35,2025-10-28 16:15:00+00:00,4113.01,0.0,0.495753,2025-10-28 16:30:00+00:00,4111.3548,1.280807,5265.85,4129.6124,4129.6124,0,2025-10-28 16:45:00+00:00,4134.5679,STOP_LOSS,1,-29.73,2.6329,2.6478,8.461,-35.01,-1.497
220,SOLUSDT,SHORT,futures,STRICT_SUPPORT,2025-10-30 04:00:00+00:00,195.9609,195.6502,1.3343,2025-10-30 04:00:00+00:00,194.04,2025-10-30 05:45:00+00:00,195.07,0.0,0.050231,2025-10-30 06:00:00+00:00,194.992,18.781073,3662.16,196.2278,196.0703,1,2025-10-30 07:45:00+00:00,196.3056,TRAILING_STOP,7,-24.67,1.8311,1.8434,5.8891,-28.35,-1.221
221,BNBUSDT,SHORT,futures,STRICT_SUPPORT,2025-10-30 09:00:00+00:00,1113.0941,1112.2261,4.1272,2025-10-30 09:00:00+00:00,1110.94,2025-10-30 09:15:00+00:00,1111.12,0.0,0.296112,2025-10-30 09:30:00+00:00,1110.6756,7.110945,7897.95,1113.9195,1113.9195,0,2025-10-30 10:15:00+00:00,1115.2562,STOP_LOSS,3,-32.57,3.949,3.9653,12.6758,-40.49,-1.755
222,BTCUSDT,SHORT,futures,STRICT_SUPPORT,2025-10-31 17:45:00+00:00,109664.1018,109515.7668,504.9052,2025-10-31 17:45:00+00:00,109269.5,2025-10-31 18:00:00+00:00,109386.1,0.0,0.066778,2025-10-31 18:15:00+00:00,109342.3456,0.054088,5914.16,109765.0828,109765.0828,0,2025-10-31 18:30:00+00:00,109896.8009,STOP_LOSS,1,-29.99,2.9571,2.9721,9.4986,-35.92,-1.571
223,SOLUSDT,SHORT,futures,STRICT_SUPPORT,2025-10-31 17:15:00+00:00,186.8564,186.6262,1.2834,2025-10-31 17:15:00+00:00,184.75,2025-10-31 18:30:00+00:00,186.15,0.0,0.116189,2025-10-31 18:45:00+00:00,186.0655,21.657223,4029.66,187.113,187.113,0,2025-10-31 19:15:00+00:00,187.3376,STOP_LOSS,2,-27.55,2.0148,2.0286,6.4805,-31.59,-1.393
224,SOLUSDT,SHORT,futures,STRICT_SUPPORT,2025-11-01 01:30:00+00:00,186.9571,186.8639,0.6791,2025-11-01 01:30:00+00:00,186.55,2025-11-01 03:00:00+00:00,186.67,0.0,0.033863,2025-11-01 03:15:00+00:00,186.5953,45.272572,8447.65,187.0929,187.0929,0,2025-11-01 03:30:00+00:00,187.3174,STOP_LOSS,1,-32.69,4.2238,4.2402,13.5555,-41.16,-1.827
225,SOLUSDT,SHORT,futures,STRICT_SUPPORT,2025-11-01 17:15:00+00:00,186.1763,185.7769,0.8345,2025-11-01 17:15:00+00:00,185.29,2025-11-01 18:45:00+00:00,185.64,0.0,0.076856,2025-11-01 19:00:00+00:00,185.5657,28.711815,5327.93,186.3432,186.3432,0,2025-11-01 20:00:00+00:00,186.5668,STOP_LOSS,4,-28.74,2.664,2.6783,8.5592,-34.08,-1.527
226,BNBUSDT,SHORT,futures,STRICT_SUPPORT,2025-11-06 06:00:00+00:00,955.4185,954.194,4.0273,2025-11-06 06:00:00+00:00,953.29,2025-11-06 06:15:00+00:00,953.49,0.0,0.05398,2025-11-06 06:30:00+00:00,953.1186,7.133285,6798.87,956.224,954.7263,1,2025-11-06 07:30:00+00:00,955.872,TRAILING_STOP,4,-19.64,3.3994,3.4093,10.9018,-26.45,-1.194
227,BNBUSDT,SHORT,futures,STRICT_SUPPORT,2025-11-06 09:45:00+00:00,954.1834,953.4958,3.7961,2025-11-06 09:45:00+00:00,952.43,2025-11-06 10:00:00+00:00,950.47,0.0,0.295838,2025-11-06 10:15:00+00:00,950.0998,4.54679,4319.9,954.9426,954.9426,0,2025-11-06 10:30:00+00:00,956.0885,STOP_LOSS,1,-27.23,2.16,2.1736,6.9445,-31.56,-1.433
228,SOLUSDT,SHORT,futures,STRICT_SUPPORT,2025-11-06 14:15:00+00:00,159.6642,159.1387,1.3171,2025-11-06 14:15:00+00:00,158.72,2025-11-06 14:45:00+00:00,157.72,0.0,0.058662,2025-11-06 15:00:00+00:00,157.6669,9.669987,1524.64,159.9277,156.7197,6,2025-11-06 17:45:00+00:00,156.9078,TRAILING_STOP,11,7.34,0.7623,0.7586,2.4306,5.82,0.266
229,BTCUSDT,SHORT,futures,STRICT_SUPPORT,2025-11-09 00:15:00+00:00,102121.8184,102088.7934,205.2127,2025-11-09 00:15:00+00:00,101735.1,2025-11-09 01:45:00+00:00,101995.4,0.0,18.99337,2025-11-09 02:00:00+00:00,101954.6018,0.085886,8756.43,102162.861,101808.7579,6,2025-11-09 04:15:00+00:00,101930.9284,TRAILING_STOP,9,2.03,4.3782,4.3772,14.0078,-6.72,-0.376
230,BTCUSDT,SHORT,futures,STRICT_SUPPORT,2025-11-16 11:45:00+00:00,95971.8194,95894.0465,275.0382,2025-11-16 11:45:00+00:00,95588.0,2025-11-16 12:15:00+00:00,95769.0,0.0,24.04654,2025-11-16 12:30:00+00:00,95730.6924,0.073809,7065.81,96026.827,94600.0391,16,2025-11-16 18:00:00+00:00,94713.5592,TRAILING_STOP,22,75.07,3.5329,3.4954,11.2152,68.05,3.113
231,SOLUSDT,SHORT,futures,STRICT_SUPPORT,2025-11-19 12:30:00+00:00,139.4733,139.1737,0.6702,2025-11-19 12:30:00+00:00,138.54,2025-11-19 12:45:00+00:00,138.85,0.0,0.043718,2025-11-19 13:00:00+00:00,138.7945,27.310374,3790.53,139.6073,137.5949,3,2025-11-19 14:30:00+00:00,137.76,TRAILING_STOP,6,28.25,1.8953,1.8811,6.0309,24.48,1.102
232,ETHUSDT,SHORT,futures,STRICT_SUPPORT,2025-11-20 09:45:00+00:00,3025.1146,3020.7087,14.44,2025-11-20 09:45:00+00:00,3010.06,2025-11-20 10:30:00+00:00,3007.92,0.0,1.108697,2025-11-20 10:45:00+00:00,3006.7168,1.048706,3153.16,3028.0026,3028.0026,0,2025-11-20 12:30:00+00:00,3031.6362,STOP_LOSS,7,-26.13,1.5766,1.5896,5.0764,-29.3,-1.313
233,ETHUSDT,SHORT,futures,STRICT_SUPPORT,2025-11-20 14:30:00+00:00,3019.4191,3009.9907,29.8703,2025-11-20 14:30:00+00:00,2991.93,2025-11-20 14:45:00+00:00,2999.42,0.0,0.190702,2025-11-20 15:00:00+00:00,2998.2302,0.816409,2447.78,3025.3931,2849.9221,15,2025-11-20 19:45:00+00:00,2853.342,TRAILING_STOP,19,118.29,1.2239,1.1647,3.7745,115.9,5.226
234,ETHUSDT,SHORT,futures,STRICT_SUPPORT,2025-11-24 00:45:00+00:00,2812.9491,2806.335,18.7934,2025-11-24 00:45:00+00:00,2786.69,2025-11-24 01:45:00+00:00,2804.76,0.0,0.045034,2025-11-24 02:00:00+00:00,2803.6281,1.739817,4877.8,2816.7078,2816.7078,0,2025-11-24 02:15:00+00:00,2861.4096,STOP_LOSS,1,-100.53,2.4389,2.4892,7.9251,-105.46,-4.634
235,BNBUSDT,SHORT,futures,STRICT_SUPPORT,2025-11-26 12:15:00+00:00,858.9254,857.6546,2.5445,2025-11-26 12:15:00+00:00,854.94,2025-11-26 13:00:00+00:00,855.85,0.0,0.23459,2025-11-26 13:15:00+00:00,855.4977,5.646665,4830.71,859.4343,859.4343,0,2025-11-26 13:30:00+00:00,860.4657,STOP_LOSS,1,-28.05,2.4154,2.4294,7.7628,-32.9,-1.48
236,SOLUSDT,SHORT,futures,STRICT_SUPPORT,2025-12-14 04:15:00+00:00,133.0959,132.9534,0.3171,2025-12-14 04:15:00+00:00,132.76,2025-12-14 06:15:00+00:00,132.58,0.0,0.003417,2025-12-14 06:30:00+00:00,132.527,34.891732,4624.1,133.1593,133.1593,0,2025-12-14 07:45:00+00:00,133.3191,STOP_LOSS,5,-27.64,2.312,2.3259,7.4317,-32.28,-1.463
237,SOLUSDT,SHORT,futures,STRICT_SUPPORT,2025-12-23 03:00:00+00:00,126.0482,125.8951,0.5949,2025-12-23 03:00:00+00:00,125.4,2025-12-23 03:15:00+00:00,125.47,0.0,0.035097,2025-12-23 03:30:00+00:00,125.4098,28.919457,3626.78,126.1672,124.5607,10,2025-12-23 08:30:00+00:00,124.7102,TRAILING_STOP,20,20.23,1.8134,1.8033,5.7786,16.62,0.759
238,SOLUSDT,SHORT,futures,STRICT_SUPPORT,2025-12-25 00:45:00+00:00,122.6484,122.5186,0.338,2025-12-25 00:45:00+00:00,122.13,2025-12-25 01:15:00+00:00,122.46,0.0,0.008593,2025-12-25 01:30:00+00:00,122.421,71.839379,8794.65,122.716,122.716,0,2025-12-25 01:45:00+00:00,122.8633,STOP_LOSS,1,-31.77,4.3973,4.4132,14.1096,-40.58,-1.915
239,SOLUSDT,SHORT,futures,STRICT_SUPPORT,2025-12-26 04:00:00+00:00,122.3554,122.1726,0.7123,2025-12-26 04:00:00+00:00,121.99,2025-12-26 04:15:00+00:00,122.06,0.0,0.062555,2025-12-26 04:30:00+00:00,122.0012,43.856167,5350.5,122.4979,122.4979,0,2025-12-26 04:45:00+00:00,122.687,STOP_LOSS,1,-30.08,2.6753,2.6903,8.5969,-35.45,-1.627
240,SOLUSDT,SHORT,futures,STRICT_SUPPORT,2025-12-30 20:45:00+00:00,124.5103,124.3658,0.4714,2025-12-30 20:45:00+00:00,123.99,2025-12-30 22:00:00+00:00,124.31,0.0,0.04576,2025-12-30 22:15:00+00:00,124.2503,60.982026,7577.03,124.6046,124.6046,0,2025-12-30 23:15:00+00:00,124.7541,STOP_LOSS,4,-30.72,3.7885,3.8039,12.1601,-38.32,-1.773
241,BTCUSDT,SHORT,futures,STRICT_SUPPORT,2026-01-11 20:30:00+00:00,90785.2559,90742.835,160.3088,2026-01-11 20:30:00+00:00,90559.4,2026-01-11 21:15:00+00:00,90596.6,0.0,8.835018,2026-01-11 21:30:00+00:00,90560.3614,0.083341,7547.36,90817.3176,90595.4885,1,2026-01-11 23:15:00+00:00,90777.102,TRAILING_STOP,7,-18.06,3.7737,3.7827,12.0975,-25.62,-1.196
242,BNBUSDT,SHORT,futures,STRICT_SUPPORT,2026-01-13 01:45:00+00:00,905.7675,905.465,2.0047,2026-01-13 01:45:00+00:00,903.9,2026-01-13 02:00:00+00:00,903.4,0.0,0.124955,2026-01-13 02:15:00+00:00,903.0486,6.823127,6161.62,906.1684,906.1684,0,2026-01-13 03:00:00+00:00,907.2558,STOP_LOSS,3,-28.71,3.0808,3.0952,9.893,-34.88,-1.639
243,SOLUSDT,SHORT,futures,STRICT_SUPPORT,2026-01-17 23:15:00+00:00,144.0151,143.949,0.2998,2026-01-17 23:15:00+00:00,143.62,2026-01-18 00:30:00+00:00,143.49,0.0,0.029011,2026-01-18 00:45:00+00:00,143.4326,32.863754,4713.73,144.075,142.7714,3,2026-01-18 02:00:00+00:00,142.9428,TRAILING_STOP,5,16.1,2.3569,2.3488,7.5227,11.39,0.54
244,BTCUSDT,SHORT,futures,STRICT_SUPPORT,2026-01-18 14:45:00+00:00,95146.6835,95082.9317,131.1018,2026-01-18 14:45:00+00:00,94917.8,2026-01-18 15:30:00+00:00,94993.3,0.0,6.931668,2026-01-18 15:45:00+00:00,94955.3027,0.089176,8467.74,95172.9038,95172.9038,0,2026-01-18 17:00:00+00:00,95287.1113,STOP_LOSS,5,-29.59,4.2339,4.2487,13.5839,-38.07,-1.962
245,SOLUSDT,SHORT,futures,STRICT_SUPPORT,2026-01-21 17:00:00+00:00,128.1795,127.8464,1.3152,2026-01-21 17:00:00+00:00,125.39,2026-01-21 18:45:00+00:00,127.55,0.0,0.036417,2026-01-21 19:00:00+00:00,127.499,22.23717,2835.22,128.4425,128.4425,0,2026-01-21 19:15:00+00:00,128.5967,STOP_LOSS,1,-24.41,1.4176,1.4298,4.5656,-27.26,-1.299
246,SOLUSDT,SHORT,futures,STRICT_SUPPORT,2026-01-23 06:15:00+00:00,128.7623,128.6178,0.4461,2026-01-23 06:15:00+00:00,128.27,2026-01-23 06:30:00+00:00,128.52,0.0,0.027784,2026-01-23 06:45:00+00:00,128.4686,54.441513,6994.02,128.8515,127.5641,15,2026-01-23 11:00:00+00:00,127.7172,TRAILING_STOP,17,40.91,3.497,3.4766,11.1413,33.94,1.628
247,BNBUSDT,SHORT,futures,STRICT_SUPPORT,2026-01-23 10:00:00+00:00,890.1786,889.677,1.9858,2026-01-23 10:00:00+00:00,888.24,2026-01-23 10:15:00+00:00,888.93,0.0,0.18697,2026-01-23 10:30:00+00:00,888.5644,9.510843,8451.0,890.5757,890.5757,0,2026-01-23 11:30:00+00:00,891.6444,STOP_LOSS,4,-29.29,4.2255,4.2401,13.5567,-37.76,-1.974
248,BNBUSDT,SHORT,futures,STRICT_SUPPORT,2026-01-23 14:45:00+00:00,889.3306,888.7045,2.6646,2026-01-23 14:45:00+00:00,887.55,2026-01-23 15:00:00+00:00,886.19,0.0,0.184517,2026-01-23 15:15:00+00:00,885.8455,5.183374,4591.67,889.8635,889.8635,0,2026-01-23 15:30:00+00:00,890.9314,STOP_LOSS,1,-26.36,2.2958,2.309,7.3783,-30.97,-1.487
249,ETHUSDT,SHORT,futures,STRICT_SUPPORT,2026-01-25 00:00:00+00:00,2957.4102,2956.3073,4.1384,2026-01-25 00:00:00+00:00,2953.96,2026-01-25 00:15:00+00:00,2952.65,0.0,0.037321,2026-01-25 00:30:00+00:00,2951.4789,2.801576,8268.79,2958.2378,2958.2378,0,2026-01-25 01:00:00+00:00,2961.7877,STOP_LOSS,2,-28.88,4.1344,4.1488,13.2647,-37.16,-1.963
250,SOLUSDT,SHORT,futures,STRICT_SUPPORT,2026-01-25 01:00:00+00:00,127.3145,127.2161,0.2533,2026-01-25 01:00:00+00:00,127.19,2026-01-25 01:15:00+00:00,127.04,0.0,0.006074,2026-01-25 01:30:00+00:00,126.9992,55.982732,7109.76,127.3651,126.7649,3,2026-01-25 04:30:00+00:00,126.917,TRAILING_STOP,12,4.6,3.5549,3.5526,11.3701,-2.51,-0.122
251,BTCUSDT,SHORT,futures,STRICT_SUPPORT,2026-01-26 17:00:00+00:00,87805.3951,87738.4754,493.0731,2026-01-26 17:00:00+00:00,87394.6,2026-01-26 17:45:00+00:00,87657.5,0.0,23.175361,2026-01-26 18:00:00+00:00,87622.337,0.072686,6368.91,87904.0097,87904.0097,0,2026-01-26 18:15:00+00:00,88009.4945,STOP_LOSS,1,-28.14,3.1845,3.1985,10.224,-34.52,-1.686
252,BTCUSDT,SHORT,futures,STRICT_SUPPORT,2026-01-26 20:30:00+00:00,87896.075,87825.1617,301.6376,2026-01-26 20:30:00+00:00,87775.2,2026-01-26 20:45:00+00:00,87595.3,0.0,21.861749,2026-01-26 21:00:00+00:00,87560.2619,0.051247,4487.2,87956.4025,87956.4025,0,2026-01-26 21:30:00+00:00,88061.9502,STOP_LOSS,2,-25.71,2.2436,2.2565,7.2104,-30.21,-1.488
253,ETHUSDT,SHORT,futures,STRICT_SUPPORT,2026-02-03 06:00:00+00:00,2330.4102,2328.1084,17.1305,2026-02-03 06:00:00+00:00,2305.6,2026-02-03 06:15:00+00:00,2323.11,0.0,0.628418,2026-02-03 06:30:00+00:00,2322.1808,1.72878,4014.54,2333.8363,2297.7966,3,2026-02-03 10:00:00+00:00,2300.554,TRAILING_STOP,14,37.39,2.0073,1.9886,6.3784,33.39,1.657
254,BTCUSDT,SHORT,futures,STRICT_SUPPORT,2026-02-03 10:30:00+00:00,78457.9671,78319.8297,335.4005,2026-02-03 10:30:00+00:00,78118.8,2026-02-03 11:45:00+00:00,78040.1,0.0,3.929729,2026-02-03 12:00:00+00:00,78008.884,0.039362,3070.57,78525.0472,77926.9634,2,2026-02-03 15:15:00+00:00,78020.4757,TRAILING_STOP,13,-0.46,1.5353,1.5355,4.9135,-3.53,-0.174
255,BNBUSDT,SHORT,futures,STRICT_SUPPORT,2026-02-03 16:00:00+00:00,772.8595,772.0875,5.9818,2026-02-03 16:00:00+00:00,770.99,2026-02-03 16:15:00+00:00,765.41,0.0,0.547499,2026-02-03 16:30:00+00:00,765.1638,2.28289,1746.79,774.0558,748.383,6,2026-02-03 19:00:00+00:00,749.281,TRAILING_STOP,10,36.26,0.8734,0.8553,2.7513,34.53,1.701
256,BNBUSDT,SHORT,futures,STRICT_SUPPORT,2026-02-08 23:15:00+00:00,644.1802,643.6401,4.072,2026-02-08 23:15:00+00:00,640.25,2026-02-09 01:15:00+00:00,640.61,0.0,0.260125,2026-02-09 01:30:00+00:00,640.3538,4.411287,2824.78,644.9946,641.787,3,2026-02-09 02:30:00+00:00,642.5572,TRAILING_STOP,4,-9.72,1.4124,1.4173,4.5313,-12.55,-0.613
257,SOLUSDT,SHORT,futures,STRICT_SUPPORT,2026-02-09 01:45:00+00:00,87.2108,86.8924,0.9396,2026-02-09 01:45:00+00:00,86.35,2026-02-09 02:00:00+00:00,86.47,0.0,0.082435,2026-02-09 02:15:00+00:00,86.4354,21.30659,1841.64,87.3987,87.3987,0,2026-02-09 02:30:00+00:00,87.5036,STOP_LOSS,1,-22.76,0.9208,0.9322,2.9739,-24.61,-1.199
258,ETHUSDT,SHORT,futures,STRICT_SUPPORT,2026-02-09 06:45:00+00:00,2091.1577,2086.1481,10.4749,2026-02-09 06:45:00+00:00,2080.37,2026-02-09 07:00:00+00:00,2084.33,0.0,0.058147,2026-02-09 07:15:00+00:00,2083.5063,2.08141,4336.63,2093.2527,2034.8108,15,2026-02-09 12:00:00+00:00,2037.2526,TRAILING_STOP,19,96.27,2.1683,2.1202,6.8231,91.98,4.534
259,BTCUSDT,SHORT,futures,STRICT_SUPPORT,2026-02-12 15:30:00+00:00,67714.5426,67543.4775,510.7725,2026-02-12 15:30:00+00:00,67374.4,2026-02-12 15:45:00+00:00,67107.0,0.0,30.177487,2026-02-12 16:00:00+00:00,67080.1572,0.028166,1889.36,67816.6971,66062.3837,12,2026-02-12 19:45:00+00:00,66141.6586,TRAILING_STOP,15,26.43,0.9447,0.9315,2.9913,24.56,1.184
260,SOLUSDT,SHORT,futures,STRICT_SUPPORT,2026-02-12 15:30:00+00:00,81.1895,80.9748,0.7644,2026-02-12 15:30:00+00:00,80.63,2026-02-12 15:45:00+00:00,80.06,0.0,0.074815,2026-02-12 16:00:00+00:00,80.028,15.782925,1263.08,81.3424,77.58,20,2026-02-12 22:45:00+00:00,77.6731,TRAILING_STOP,27,37.17,0.6315,0.613,1.9763,35.92,1.732
261,BTCUSDT,SHORT,futures,STRICT_SUPPORT,2026-02-17 04:15:00+00:00,68669.8506,68581.7581,227.9587,2026-02-17 04:15:00+00:00,68567.9,2026-02-17 04:30:00+00:00,68400.4,0.0,13.75805,2026-02-17 04:45:00+00:00,68372.9399,0.061452,4201.68,68715.4423,68342.6724,3,2026-02-17 06:00:00+00:00,68424.6837,TRAILING_STOP,5,-3.18,2.1008,2.1024,6.7265,-7.38,-0.351
263,ETHUSDT,SHORT,futures,STRICT_SUPPORT,2026-02-17 17:00:00+00:00,1978.5122,1972.927,19.1329,2026-02-17 17:00:00+00:00,1964.47,2026-02-17 17:15:00+00:00,1972.88,0.0,0.047038,2026-02-17 17:30:00+00:00,1972.0809,2.05253,4047.75,1982.3388,1982.3388,0,2026-02-17 18:15:00+00:00,1984.7176,STOP_LOSS,3,-25.94,2.0239,2.0368,6.5075,-30.0,-1.425
262,BNBUSDT,SHORT,futures,STRICT_SUPPORT,2026-02-17 14:30:00+00:00,621.2365,620.371,3.9653,2026-02-17 14:30:00+00:00,612.07,2026-02-17 16:15:00+00:00,616.19,0.0,0.371013,2026-02-17 16:30:00+00:00,615.9335,3.446596,2122.87,622.0296,622.0296,0,2026-02-17 18:30:00+00:00,622.776,STOP_LOSS,8,-23.58,1.0614,1.0732,3.4249,-25.72,-1.224
264,BNBUSDT,SHORT,futures,STRICT_SUPPORT,2026-02-17 21:15:00+00:00,619.8566,619.0468,2.6662,2026-02-17 21:15:00+00:00,617.51,2026-02-17 21:45:00+00:00,618.72,0.0,0.226755,2026-02-17 22:00:00+00:00,618.4725,10.81293,6687.5,620.3899,619.03,5,2026-02-18 00:30:00+00:00,619.7728,TRAILING_STOP,10,-14.06,3.3437,3.3508,10.7169,-20.75,-1.001
265,SOLUSDT,SHORT,futures,STRICT_SUPPORT,2026-02-18 00:45:00+00:00,85.1258,84.9602,0.3725,2026-02-18 00:45:00+00:00,84.82,2026-02-18 01:00:00+00:00,84.37,0.0,0.020178,2026-02-18 01:15:00+00:00,84.3462,24.152753,2037.19,85.2003,85.2003,0,2026-02-18 03:45:00+00:00,85.3026,STOP_LOSS,10,-23.1,1.0186,1.0301,3.2872,-25.15,-1.219
266,BTCUSDT,SHORT,futures,STRICT_SUPPORT,2026-03-02 07:30:00+00:00,66307.3336,66297.7549,321.7687,2026-03-02 07:30:00+00:00,65935.6,2026-03-02 08:45:00+00:00,66247.9,0.0,18.554915,2026-03-02 09:00:00+00:00,66221.4008,0.123843,8201.04,66371.6873,66371.6873,0,2026-03-02 09:15:00+00:00,66451.3333,STOP_LOSS,1,-28.48,4.1005,4.1148,13.1558,-36.69,-1.971
267,BNBUSDT,SHORT,futures,STRICT_SUPPORT,2026-03-04 04:15:00+00:00,631.4804,631.206,2.9085,2026-03-04 04:15:00+00:00,627.98,2026-03-04 05:00:00+00:00,630.81,0.0,0.275978,2026-03-04 05:15:00+00:00,630.5577,12.889632,8127.66,632.0621,632.0621,0,2026-03-04 05:30:00+00:00,632.8206,STOP_LOSS,1,-29.17,4.0638,4.0784,13.0393,-37.31,-1.924
268,BTCUSDT,SHORT,futures,STRICT_SUPPORT,2026-03-04 04:15:00+00:00,68035.8722,67941.7393,366.9917,2026-03-04 04:15:00+00:00,67559.1,2026-03-04 05:15:00+00:00,67797.4,0.0,8.439292,2026-03-04 05:30:00+00:00,67770.381,0.059408,4026.07,68109.2705,68109.2705,0,2026-03-04 05:45:00+00:00,68254.7075,STOP_LOSS,1,-28.77,2.013,2.0274,6.4762,-32.81,-1.63
269,BTCUSDT,SHORT,futures,STRICT_SUPPORT,2026-03-08 12:30:00+00:00,67551.2952,67414.3088,313.966,2026-03-08 12:30:00+00:00,67376.8,2026-03-08 13:00:00+00:00,66939.9,0.0,3.008759,2026-03-08 13:15:00+00:00,66913.0241,0.028483,1905.89,67614.0884,67614.0884,0,2026-03-08 21:15:00+00:00,66930.2614,TIME_EXIT_8H,32,-0.49,0.9529,0.9532,1.5249,-2.4,-0.12
270,ETHUSDT,SHORT,futures,STRICT_SUPPORT,2026-03-15 16:45:00+00:00,2100.0294,2097.0376,6.2978,2026-03-15 16:45:00+00:00,2090.59,2026-03-15 17:30:00+00:00,2095.85,0.0,0.527551,2026-03-15 17:45:00+00:00,2095.0117,3.179111,6660.27,2101.289,2101.289,0,2026-03-15 18:00:00+00:00,2112.1816,STOP_LOSS,1,-54.59,3.3301,3.3574,10.7219,-61.27,-3.07
271,BNBUSDT,SHORT,futures,STRICT_SUPPORT,2026-03-20 12:15:00+00:00,643.1477,642.4023,1.6262,2026-03-20 12:15:00+00:00,642.18,2026-03-20 12:30:00+00:00,641.07,0.0,0.092292,2026-03-20 12:45:00+00:00,640.8036,7.361237,4717.11,643.473,641.1436,2,2026-03-20 14:30:00+00:00,641.9129,TRAILING_STOP,7,-8.17,2.3586,2.3626,7.5572,-12.89,-0.656
272,SOLUSDT,SHORT,futures,STRICT_SUPPORT,2026-03-20 17:00:00+00:00,89.1578,88.9921,0.4549,2026-03-20 17:00:00+00:00,88.82,2026-03-20 17:45:00+00:00,88.85,0.0,0.032112,2026-03-20 18:00:00+00:00,88.8145,45.09206,4004.83,89.2488,88.9515,4,2026-03-20 19:45:00+00:00,89.0583,TRAILING_STOP,7,-10.99,2.0024,2.0079,6.4209,-15.0,-0.766
273,BNBUSDT,SHORT,futures,STRICT_SUPPORT,2026-03-21 01:15:00+00:00,641.5498,641.1159,1.188,2026-03-21 01:15:00+00:00,641.03,2026-03-21 01:30:00+00:00,640.22,0.0,0.085926,2026-03-21 01:45:00+00:00,639.9639,10.699413,6847.24,641.7874,641.7874,0,2026-03-21 02:30:00+00:00,642.5576,STOP_LOSS,3,-27.75,3.4236,3.4375,10.9889,-34.61,-1.774
274,ETHUSDT,SHORT,futures,STRICT_SUPPORT,2026-03-29 04:15:00+00:00,2008.5513,2006.6451,5.2549,2026-03-29 04:15:00+00:00,2005.1,2026-03-29 04:30:00+00:00,2004.79,0.0,0.035141,2026-03-29 04:45:00+00:00,2003.9881,3.444348,6902.43,2009.6023,2005.544,2,2026-03-29 05:45:00+00:00,2007.9506,TRAILING_STOP,4,-13.65,3.4512,3.458,11.0603,-20.56,-1.063
275,SOLUSDT,SHORT,futures,STRICT_SUPPORT,2026-03-31 07:00:00+00:00,83.2882,83.231,0.371,2026-03-31 07:00:00+00:00,83.01,2026-03-31 08:00:00+00:00,82.97,0.0,0.031038,2026-03-31 08:15:00+00:00,82.9468,46.278768,3838.68,83.3624,80.8882,13,2026-03-31 12:00:00+00:00,80.9853,TRAILING_STOP,15,90.78,1.9193,1.8739,6.0329,86.98,4.522
276,ETHUSDT,SHORT,futures,STRICT_SUPPORT,2026-03-31 09:45:00+00:00,2048.2334,2044.3263,11.0835,2026-03-31 09:45:00+00:00,2017.28,2026-03-31 11:30:00+00:00,2041.52,0.0,0.756286,2026-03-31 11:45:00+00:00,2040.7034,2.023899,4130.18,2050.4501,2050.4501,0,2026-03-31 12:15:00+00:00,2052.9107,STOP_LOSS,2,-24.71,2.0651,2.0774,6.6379,-28.85,-1.462
277,BTCUSDT,SHORT,futures,STRICT_SUPPORT,2026-04-03 10:15:00+00:00,66834.6589,66772.265,146.0747,2026-04-03 10:15:00+00:00,66727.7,2026-04-03 10:30:00+00:00,66749.2,0.0,6.564981,2026-04-03 10:45:00+00:00,66722.6003,0.117053,7810.11,66863.8738,66863.8738,0,2026-04-03 11:00:00+00:00,66944.1105,STOP_LOSS,1,-25.93,3.9051,3.918,12.5273,-33.75,-2.041
278,BTCUSDT,SHORT,futures,STRICT_SUPPORT,2026-04-03 18:45:00+00:00,66844.3399,66825.4068,111.774,2026-04-03 18:45:00+00:00,66783.7,2026-04-03 19:00:00+00:00,66752.4,0.0,2.606824,2026-04-03 19:15:00+00:00,66725.5991,0.116036,7742.6,66866.6947,66866.6947,0,2026-04-03 19:45:00+00:00,66946.9347,STOP_LOSS,2,-25.68,3.8713,3.8841,12.419,-33.44,-2.042
279,BNBUSDT,SHORT,futures,STRICT_SUPPORT,2026-04-16 14:15:00+00:00,621.9955,621.0453,2.3219,2026-04-16 14:15:00+00:00,617.46,2026-04-16 14:45:00+00:00,619.63,0.0,0.085294,2026-04-16 15:00:00+00:00,619.3722,6.214782,3849.26,622.4598,622.4598,0,2026-04-16 15:15:00+00:00,623.2068,STOP_LOSS,1,-23.83,1.9246,1.9365,6.1874,-27.69,-1.443
280,SOLUSDT,SHORT,futures,STRICT_SUPPORT,2026-04-19 17:15:00+00:00,85.9847,85.7862,0.4645,2026-04-19 17:15:00+00:00,85.59,2026-04-19 17:30:00+00:00,85.47,0.0,0.046203,2026-04-19 17:45:00+00:00,85.4458,30.155304,2576.64,86.0776,83.8044,10,2026-04-19 22:45:00+00:00,83.9049,TRAILING_STOP,20,46.47,1.2883,1.2651,4.0669,43.91,2.305
281,ETHUSDT,SHORT,futures,STRICT_SUPPORT,2026-04-21 15:15:00+00:00,2313.6374,2310.7258,14.5789,2026-04-21 15:15:00+00:00,2300.99,2026-04-21 15:45:00+00:00,2309.31,0.0,1.385767,2026-04-21 16:00:00+00:00,2308.3763,2.356705,5440.16,2316.5531,2316.5531,0,2026-04-21 16:30:00+00:00,2319.333,STOP_LOSS,2,-25.82,2.7201,2.733,8.7352,-31.27,-1.623
282,ETHUSDT,SHORT,futures,STRICT_SUPPORT,2026-04-25 12:00:00+00:00,2316.9304,2315.9389,3.4169,2026-04-25 12:00:00+00:00,2314.46,2026-04-25 12:15:00+00:00,2312.76,0.0,0.038918,2026-04-25 12:30:00+00:00,2311.8349,3.307164,7645.62,2317.6138,2317.6138,0,2026-04-25 14:00:00+00:00,2320.3949,STOP_LOSS,6,-28.31,3.8228,3.837,12.267,-35.97,-1.882
283,SOLUSDT,SHORT,futures,STRICT_SUPPORT,2026-04-30 16:45:00+00:00,83.2111,83.1279,0.3152,2026-04-30 16:45:00+00:00,82.97,2026-04-30 17:00:00+00:00,82.99,0.0,0.02786,2026-04-30 17:15:00+00:00,82.9468,57.845305,4798.08,83.2741,83.2741,0,2026-05-01 00:00:00+00:00,83.3741,STOP_LOSS,27,-24.71,2.399,2.4114,7.7066,-29.53,-1.559
284,SOLUSDT,SHORT,futures,STRICT_SUPPORT,2026-05-04 20:30:00+00:00,84.4809,84.4457,0.2502,2026-05-04 20:30:00+00:00,84.05,2026-05-04 21:30:00+00:00,84.36,0.0,0.005718,2026-05-04 21:45:00+00:00,84.3363,89.11004,7515.21,84.5309,84.2951,7,2026-05-05 00:45:00+00:00,84.3962,TRAILING_STOP,12,-5.34,3.7576,3.7603,12.0307,-12.86,-0.742
285,SOLUSDT,SHORT,futures,STRICT_SUPPORT,2026-05-04 22:45:00+00:00,84.4154,84.3428,0.1895,2026-05-04 22:45:00+00:00,84.16,2026-05-05 00:45:00+00:00,84.26,0.0,0.012753,2026-05-05 01:00:00+00:00,84.2263,82.4861,6947.5,84.4533,84.4533,0,2026-05-05 02:00:00+00:00,84.5547,STOP_LOSS,4,-27.09,3.4737,3.4873,11.1485,-34.05,-1.818
286,BTCUSDT,SHORT,futures,STRICT_SUPPORT,2026-05-20 02:15:00+00:00,76814.5933,76745.6954,189.7031,2026-05-20 02:15:00+00:00,76742.1,2026-05-20 02:30:00+00:00,76582.2,0.0,3.495427,2026-05-20 02:45:00+00:00,76551.4672,0.061634,4718.16,76852.534,76852.534,0,2026-05-20 05:00:00+00:00,76944.757,STOP_LOSS,9,-24.24,2.3591,2.3712,7.5782,-28.97,-1.561
287,ETHUSDT,SHORT,futures,STRICT_SUPPORT,2026-05-25 02:30:00+00:00,2100.7838,2099.435,8.7853,2026-05-25 02:30:00+00:00,2098.38,2026-05-25 02:45:00+00:00,2097.3,0.0,0.20495,2026-05-25 03:00:00+00:00,2096.4711,3.033252,6359.13,2102.5408,2102.5408,0,2026-05-25 04:45:00+00:00,2105.0639,STOP_LOSS,7,-26.06,3.1796,3.1926,10.2059,-32.44,-1.762
288,ETHUSDT,SHORT,futures,STRICT_SUPPORT,2026-05-27 12:45:00+00:00,2083.1673,2079.9428,7.2497,2026-05-27 12:45:00+00:00,2077.74,2026-05-27 13:00:00+00:00,2074.15,0.0,0.21279,2026-05-27 13:15:00+00:00,2073.3203,1.615393,3349.23,2084.6172,2069.4414,1,2026-05-27 14:00:00+00:00,2071.9247,TRAILING_STOP,3,2.25,1.6746,1.6735,5.3561,-1.09,-0.06
290,SOLUSDT,SHORT,futures,STRICT_SUPPORT,2026-05-29 21:15:00+00:00,82.2324,82.1021,0.3505,2026-05-29 21:15:00+00:00,81.91,2026-05-29 21:45:00+00:00,81.67,0.0,0.032104,2026-05-29 22:00:00+00:00,81.6273,27.019537,2205.53,82.3025,82.3025,0,2026-05-30 00:45:00+00:00,82.4013,STOP_LOSS,11,-20.91,1.1028,1.1132,3.5539,-23.13,-1.268
289,BTCUSDT,SHORT,futures,STRICT_SUPPORT,2026-05-29 21:15:00+00:00,73641.3667,73601.5333,235.3465,2026-05-29 21:15:00+00:00,73499.9,2026-05-29 21:45:00+00:00,73385.3,0.0,12.033286,2026-05-29 22:00:00+00:00,73355.8459,0.054853,4023.76,73688.436,73688.436,0,2026-05-30 02:30:00+00:00,73776.8621,STOP_LOSS,18,-23.09,2.0119,2.0234,6.4657,-27.13,-1.487
291,SOLUSDT,SHORT,futures,STRICT_SUPPORT,2026-06-01 01:30:00+00:00,82.3447,82.2564,0.3517,2026-06-01 01:30:00+00:00,82.09,2026-06-01 01:45:00+00:00,81.72,0.0,0.026393,2026-06-01 02:00:00+00:00,81.6773,24.389953,1992.11,82.4151,82.4151,0,2026-06-01 02:30:00+00:00,82.514,STOP_LOSS,2,-20.41,0.9961,1.0063,3.2119,-22.41,-1.245
292,ETHUSDT,SHORT,futures,STRICT_SUPPORT,2026-06-10 17:15:00+00:00,1640.9326,1637.5727,12.4623,2026-06-10 17:15:00+00:00,1627.14,2026-06-10 18:15:00+00:00,1635.54,0.0,1.172738,2026-06-10 18:30:00+00:00,1634.8858,2.094054,3423.54,1643.425,1620.4192,15,2026-06-10 23:15:00+00:00,1622.3637,TRAILING_STOP,19,26.22,1.7118,1.6987,5.4462,22.81,1.276
293,ETHUSDT,SHORT,futures,STRICT_SUPPORT,2026-06-29 13:30:00+00:00,1577.2184,1575.6788,11.952,2026-06-29 13:30:00+00:00,1567.0,2026-06-29 13:45:00+00:00,1572.21,0.0,0.598826,2026-06-29 14:00:00+00:00,1571.6011,2.247285,3531.84,1579.6088,1579.6088,0,2026-06-29 15:30:00+00:00,1581.5044,STOP_LOSS,6,-22.26,1.7659,1.777,5.6776,-25.8,-1.434
294,BNBUSDT,SHORT,futures,STRICT_SUPPORT,2026-06-29 14:15:00+00:00,553.7033,552.7059,3.3302,2026-06-29 14:15:00+00:00,550.52,2026-06-29 15:30:00+00:00,552.11,0.0,0.045879,2026-06-29 15:45:00+00:00,551.8792,7.174907,3959.68,554.3693,554.3693,0,2026-06-29 16:45:00+00:00,555.0346,STOP_LOSS,4,-22.64,1.9798,1.9912,6.3627,-26.61,-1.489
295,BTCUSDT,SHORT,futures,STRICT_SUPPORT,2026-06-30 01:45:00+00:00,60091.2079,60029.07,174.9931,2026-06-30 01:45:00+00:00,59919.6,2026-06-30 02:45:00+00:00,59920.4,0.0,7.670009,2026-06-30 03:00:00+00:00,59896.4318,0.07718,4622.79,60126.2065,59645.1515,8,2026-06-30 06:15:00+00:00,59716.7257,TRAILING_STOP,13,13.87,2.3114,2.3045,7.3798,9.25,0.522
296,BNBUSDT,SHORT,futures,STRICT_SUPPORT,2026-07-02 07:45:00+00:00,551.6372,551.0636,1.363,2026-07-02 07:45:00+00:00,549.75,2026-07-02 08:15:00+00:00,550.51,0.0,0.083605,2026-07-02 08:30:00+00:00,550.2798,10.90814,6002.53,551.9098,551.9098,0,2026-07-02 09:15:00+00:00,552.5721,STOP_LOSS,3,-25.0,3.0013,3.0138,9.6341,-31.02,-1.745
297,ETHUSDT,SHORT,futures,STRICT_SUPPORT,2026-07-09 15:45:00+00:00,1744.5671,1743.0071,7.5551,2026-07-09 15:45:00+00:00,1738.61,2026-07-09 16:00:00+00:00,1737.83,0.0,0.007075,2026-07-09 16:15:00+00:00,1737.1449,1.972971,3427.34,1746.0782,1746.0782,0,2026-07-09 17:30:00+00:00,1748.1734,STOP_LOSS,5,-21.76,1.7137,1.7245,5.5098,-25.2,-1.43
298,SOLUSDT,SHORT,futures,STRICT_SUPPORT,2026-07-18 07:00:00+00:00,75.0645,75.0203,0.1294,2026-07-18 07:00:00+00:00,74.88,2026-07-18 07:45:00+00:00,74.93,0.0,0.010331,2026-07-18 08:00:00+00:00,74.9,91.933246,6885.8,75.0904,74.8637,4,2026-07-18 10:15:00+00:00,74.9535,TRAILING_STOP,9,-4.91,3.4429,3.4454,11.0232,-11.8,-0.675
299,BNBUSDT,SHORT,futures,STRICT_SUPPORT,2026-07-20 04:00:00+00:00,570.4486,569.8917,1.6692,2026-07-20 04:00:00+00:00,569.06,2026-07-20 04:30:00+00:00,569.28,0.0,0.101722,2026-07-20 04:45:00+00:00,569.0423,10.022294,5703.11,570.7824,566.0283,9,2026-07-20 07:15:00+00:00,566.7075,TRAILING_STOP,10,23.4,2.8516,2.8399,9.0969,17.71,1.015
301,BTCUSDT,SHORT,futures,STRICT_SUPPORT,2026-07-22 19:00:00+00:00,65997.3575,65926.9995,194.2453,2026-07-22 19:00:00+00:00,65739.3,2026-07-22 19:30:00+00:00,65829.9,0.0,10.199482,2026-07-22 19:45:00+00:00,65803.668,0.075291,4954.39,66036.2066,66036.2066,0,2026-07-22 21:30:00+00:00,66115.45,STOP_LOSS,7,-23.47,2.4772,2.4889,7.9552,-28.44,-1.624
300,BNBUSDT,SHORT,futures,STRICT_SUPPORT,2026-07-22 18:15:00+00:00,572.6207,572.1922,1.4581,2026-07-22 18:15:00+00:00,572.04,2026-07-22 18:30:00+00:00,570.29,0.0,0.142175,2026-07-22 18:45:00+00:00,570.0619,6.149482,3505.59,572.9123,572.9123,0,2026-07-23 02:45:00+00:00,571.3785,TIME_EXIT_8H,32,-8.1,1.7528,1.7568,2.8077,-11.61,-0.662
302,BNBUSDT,SHORT,futures,STRICT_SUPPORT,2026-07-24 04:30:00+00:00,568.8367,568.3809,1.0029,2026-07-24 04:30:00+00:00,568.29,2026-07-24 04:45:00+00:00,567.59,0.0,0.030854,2026-07-24 05:00:00+00:00,567.373,10.412293,5907.65,569.0373,569.0373,0,2026-07-24 06:15:00+00:00,569.7201,STOP_LOSS,5,-24.44,2.9538,2.966,9.4816,-30.36,-1.752
303,BNBUSDT,SHORT,futures,STRICT_SUPPORT,2026-07-24 08:45:00+00:00,568.9546,568.6535,0.9353,2026-07-24 08:45:00+00:00,568.5,2026-07-24 09:00:00+00:00,567.31,0.0,0.073463,2026-07-24 09:15:00+00:00,567.0831,8.344607,4732.09,569.1416,560.0011,6,2026-07-24 14:45:00+00:00,560.6731,TRAILING_STOP,22,53.49,2.366,2.3393,7.5072,48.78,2.84
304,BNBUSDT,SHORT,futures,STRICT_SUPPORT,2026-07-27 14:30:00+00:00,573.5581,573.0174,2.4544,2026-07-27 14:30:00+00:00,566.31,2026-07-27 16:30:00+00:00,572.29,0.0,0.217445,2026-07-27 16:45:00+00:00,572.0611,8.763905,5013.49,574.049,574.049,0,2026-07-27 17:15:00+00:00,574.7378,STOP_LOSS,2,-23.46,2.5067,2.5185,8.0497,-28.48,-1.635
305,ETHUSDT,SHORT,futures,STRICT_SUPPORT,2026-07-29 04:00:00+00:00,1907.6721,1906.5089,8.332,2026-07-29 04:00:00+00:00,1891.19,2026-07-29 04:30:00+00:00,1899.81,0.0,0.768886,2026-07-29 04:45:00+00:00,1899.0501,1.679467,3189.39,1909.3385,1909.3385,0,2026-07-29 05:15:00+00:00,1911.6297,STOP_LOSS,2,-21.13,1.5947,1.6053,5.1284,-24.33,-1.408
306,SOLUSDT,SHORT,futures,STRICT_SUPPORT,2026-07-29 19:15:00+00:00,73.6942,73.6232,0.4748,2026-07-29 19:15:00+00:00,73.53,2026-07-29 19:30:00+00:00,73.3,0.0,0.003208,2026-07-29 19:45:00+00:00,73.2607,32.466628,2378.53,73.7891,73.1211,5,2026-07-29 22:00:00+00:00,73.2278,TRAILING_STOP,9,1.07,1.1893,1.1887,3.8044,-1.31,-0.076
307,ETHUSDT,SHORT,futures,STRICT_SUPPORT,2026-07-30 06:15:00+00:00,1905.9027,1905.3724,5.1665,2026-07-30 06:15:00+00:00,1904.92,2026-07-30 06:30:00+00:00,1902.23,0.0,0.362418,2026-07-30 06:45:00+00:00,1901.4691,3.137246,5965.38,1906.936,1906.936,0,2026-07-30 07:00:00+00:00,1909.2243,STOP_LOSS,1,-24.33,2.9827,2.9949,9.5738,-30.31,-1.767
308,SOLUSDT,SHORT,futures,STRICT_SUPPORT,2026-08-06 08:15:00+00:00,73.9491,73.8942,0.1514,2026-08-06 08:15:00+00:00,73.76,2026-08-06 08:30:00+00:00,73.83,0.0,0.004201,2026-08-06 08:45:00+00:00,73.8105,92.124714,6799.77,73.9794,73.4829,8,2026-08-06 11:30:00+00:00,73.5711,TRAILING_STOP,11,22.05,3.3999,3.3889,10.8532,15.26,0.981
309,BTCUSDT,SHORT,futures,STRICT_SUPPORT,2026-08-10 00:30:00+00:00,65061.408,65026.1428,183.01,2026-08-10 00:30:00+00:00,64819.0,2026-08-10 00:45:00+00:00,64945.3,0.0,10.842828,2026-08-10 01:00:00+00:00,64919.3219,0.095562,6203.79,65098.01,65098.01,0,2026-08-10 01:45:00+00:00,65176.1276,STOP_LOSS,3,-24.54,3.1019,3.1142,9.9555,-30.76,-1.801
310,BTCUSDT,SHORT,futures,STRICT_SUPPORT,2026-08-13 10:30:00+00:00,63696.4576,63665.513,91.0099,2026-08-13 10:30:00+00:00,63610.4,2026-08-13 12:30:00+00:00,63560.0,0.0,0.712972,2026-08-13 12:45:00+00:00,63534.576,0.093967,5970.16,63714.6596,63714.6596,0,2026-08-13 13:00:00+00:00,63791.1172,STOP_LOSS,1,-24.11,2.9851,2.9971,9.5812,-30.09,-1.778
311,BNBUSDT,SHORT,futures,STRICT_SUPPORT,2026-08-13 11:30:00+00:00,612.0771,611.8014,1.1572,2026-08-13 11:30:00+00:00,609.02,2026-08-13 13:30:00+00:00,611.11,0.0,0.011374,2026-08-13 13:45:00+00:00,610.8756,10.981937,6708.6,612.3086,609.7768,4,2026-08-13 16:15:00+00:00,610.5085,TRAILING_STOP,10,4.03,3.3543,3.3523,10.7289,-2.68,-0.17
312,SOLUSDT,SHORT,futures,STRICT_SUPPORT,2026-08-14 04:00:00+00:00,76.03,75.9915,0.1637,2026-08-14 04:00:00+00:00,75.88,2026-08-14 04:15:00+00:00,75.9,0.0,0.001506,2026-08-14 04:30:00+00:00,75.8696,86.791743,6584.86,76.0627,75.7054,7,2026-08-14 08:30:00+00:00,75.7963,TRAILING_STOP,16,6.37,3.2924,3.2892,10.5281,-0.22,-0.013
313,ETHUSDT,SHORT,futures,STRICT_SUPPORT,2026-08-26 08:45:00+00:00,2463.3903,2459.9945,7.6999,2026-08-26 08:45:00+00:00,2455.31,2026-08-26 09:00:00+00:00,2454.96,0.0,0.034466,2026-08-26 09:15:00+00:00,2453.978,1.530067,3754.75,2464.9303,2456.6298,3,2026-08-26 10:30:00+00:00,2459.5778,TRAILING_STOP,5,-8.57,1.8774,1.8817,6.0179,-12.33,-0.736
314,BTCUSDT,SHORT,futures,STRICT_SUPPORT,2026-09-01 02:30:00+00:00,78568.7643,78488.1838,191.631,2026-09-01 02:30:00+00:00,78332.3,2026-09-01 03:00:00+00:00,78406.0,0.0,15.283797,2026-09-01 03:15:00+00:00,78374.7376,0.071857,5631.76,78607.0905,78607.0905,0,2026-09-01 03:30:00+00:00,78701.4191,STOP_LOSS,1,-23.47,2.8159,2.8276,9.039,-29.12,-1.744
315,BTCUSDT,SHORT,futures,STRICT_SUPPORT,2026-09-07 06:00:00+00:00,79834.0067,79786.0842,138.7719,2026-09-07 06:00:00+00:00,79772.4,2026-09-07 06:15:00+00:00,79671.9,0.0,13.684166,2026-09-07 06:30:00+00:00,79640.0312,0.074643,5944.56,79861.7611,79312.6688,2,2026-09-07 07:45:00+00:00,79407.844,TRAILING_STOP,5,17.33,2.9723,2.9636,9.4905,11.4,0.689
316,ETHUSDT,SHORT,futures,STRICT_SUPPORT,2026-09-07 08:00:00+00:00,2499.5489,2496.8481,8.0432,2026-09-07 08:00:00+00:00,2487.74,2026-09-07 09:15:00+00:00,2493.58,0.0,0.548055,2026-09-07 09:30:00+00:00,2492.5826,1.936748,4827.5,2501.1575,2492.0075,10,2026-09-07 12:15:00+00:00,2494.9979,TRAILING_STOP,11,-4.68,2.4138,2.4161,7.7296,-9.51,-0.572
317,ETHUSDT,SHORT,futures,STRICT_SUPPORT,2026-09-08 10:45:00+00:00,2485.5934,2481.7886,7.874,2026-09-08 10:45:00+00:00,2480.13,2026-09-08 11:00:00+00:00,2470.96,0.0,0.288611,2026-09-08 11:15:00+00:00,2469.9716,0.96298,2378.53,2487.1682,2459.1483,1,2026-09-08 13:45:00+00:00,2462.0993,TRAILING_STOP,10,7.58,1.1893,1.1855,3.7966,5.21,0.314
318,SOLUSDT,SHORT,futures,STRICT_SUPPORT,2026-09-09 02:45:00+00:00,103.521,103.4502,0.3304,2026-09-09 02:45:00+00:00,103.42,2026-09-09 03:00:00+00:00,103.0,0.0,0.010167,2026-09-09 03:15:00+00:00,102.9588,26.398754,2717.98,103.5871,103.5871,0,2026-09-09 04:00:00+00:00,103.7114,STOP_LOSS,3,-19.87,1.359,1.3689,4.3726,-22.6,-1.362
319,BNBUSDT,SHORT,futures,STRICT_SUPPORT,2026-09-09 11:30:00+00:00,752.9385,752.1934,1.9658,2026-09-09 11:30:00+00:00,750.1,2026-09-09 12:30:00+00:00,750.64,0.0,0.143442,2026-09-09 12:45:00+00:00,750.3497,5.524348,4145.19,753.3316,746.8912,3,2026-09-09 14:30:00+00:00,747.7875,TRAILING_STOP,7,14.15,2.0726,2.0655,6.6153,10.02,0.608
320,SOLUSDT,SHORT,futures,STRICT_SUPPORT,2026-09-09 15:45:00+00:00,103.8073,103.6091,0.6776,2026-09-09 15:45:00+00:00,103.02,2026-09-09 17:00:00+00:00,103.4,0.0,0.059127,2026-09-09 17:15:00+00:00,103.3586,28.285659,2923.57,103.9428,101.5024,6,2026-09-09 22:15:00+00:00,101.6242,TRAILING_STOP,20,49.06,1.4618,1.4373,4.6188,46.16,2.794
321,BNBUSDT,SHORT,futures,STRICT_SUPPORT,2026-09-14 12:30:00+00:00,723.4971,722.9259,1.563,2026-09-14 12:30:00+00:00,722.57,2026-09-14 12:45:00+00:00,720.58,0.0,0.105941,2026-09-14 13:00:00+00:00,720.3018,4.776007,3440.17,723.8097,723.8097,0,2026-09-14 13:45:00+00:00,724.6783,STOP_LOSS,3,-20.9,1.7201,1.7305,5.5293,-24.35,-1.454
322,SOLUSDT,SHORT,futures,STRICT_SUPPORT,2026-09-16 22:30:00+00:00,97.9486,97.6917,0.5808,2026-09-16 22:30:00+00:00,97.6,2026-09-16 22:45:00+00:00,97.43,0.0,0.031705,2026-09-16 23:00:00+00:00,97.391,24.686977,2404.29,98.0647,98.0647,0,2026-09-16 23:15:00+00:00,98.1824,STOP_LOSS,1,-19.54,1.2021,1.2119,3.8703,-21.95,-1.32
